 Amesp ECP library : cc-pvnz-pp

Cu  -------------------------------------
   29    iatm
    5    NBlock
    1    Num   g-ul
        0.00000000    2        1.00000000
    2    Num   s-ul
      355.75051200    2       30.11054300
       70.93090600    2       13.07631000
    4    Num   p-ul
       77.96993100    2       32.69261400
      155.92744800    2       32.77033900
       18.02113200    2       13.75106700
       36.09437200    2       13.32216600
    4    Num   d-ul
      -12.34341000    2       38.99651100
      -18.27336200    2       39.53978800
       -0.98470500    2       12.28751100
       -1.31874700    2       11.45930000
    2    Num   f-ul
       -0.22726400    2        6.19010200
       -0.46877300    2        8.11878000
Zn  -------------------------------------
   30    iatm
    5    NBlock
    1    Num   g-ul
        0.00000000    2        1.00000000
    2    Num   s-ul
      399.98639900    2       34.17400100
       85.48975000    2       14.45637100
    4    Num   p-ul
       92.38107700    2       39.88868300
      184.77117600    2       39.65501700
       23.00254100    2       15.29054600
       46.05742700    2       14.90352400
    4    Num   d-ul
      -13.69073400    2       43.70829600
      -20.54398000    2       43.69853600
       -1.31615400    2       15.15071800
       -1.83871500    2       15.28244100
    2    Num   f-ul
       -0.37036000    2        8.16001400
       -1.06294300    2       12.22842200
Ga  -------------------------------------
   31    iatm
    5    NBlock
    1    Num   g-ul
        0.00000000    2        1.00000000
    2    Num   s-ul
      370.27304000    2       25.88036100
        9.19061500    2        7.90129500
    4    Num   p-ul
       99.14400100    2       45.14919000
      198.29551200    2       44.97998100
       28.44565300    2       17.22425100
       56.94970500    2       16.74732900
    6    Num   d-ul
      -18.16879700    2       51.96881200
      -27.38027300    2       51.62911700
       -1.58702200    2       15.24173800
       -2.51629200    2       15.32019300
        0.08316600    2        4.91858900
        0.20219800    2        4.75510300
    2    Num   f-ul
       -0.61699000    2       10.76226300
       -3.13858400    2       19.85293900
Ge  -------------------------------------
   32    iatm
    5    NBlock
    1    Num   g-ul
        0.00000000    2        1.00000000
    2    Num   s-ul
      370.23609000    2       27.24222500
        9.21462900    2        7.46794800
    4    Num   p-ul
       99.13503400    2       45.56799100
      198.27145400    2       45.51750500
       28.38812100    2       18.24576900
       56.80347100    2       17.65107800
    6    Num   d-ul
      -17.96708500    2       52.76059800
      -26.81553900    2       53.13666300
       -1.38389300    2       14.56407900
       -2.07266300    2       12.63185700
        0.08033400    2        3.92304200
        0.23852900    2        3.73877400
    2    Num   f-ul
       -0.70568000    2       11.40737800
       -2.47595100    2       18.42905400
As  -------------------------------------
   33    iatm
    5    NBlock
    1    Num   g-ul
        0.00000000    2        1.00000000
    2    Num   s-ul
      370.11402500    2       28.72512200
        9.34929600    2        6.76768100
    4    Num   p-ul
       99.14210300    2       45.33106400
      198.30788000    2       44.76741500
       28.38307300    2       19.53909000
       56.87146400    2       18.97347100
    6    Num   d-ul
      -18.48514500    2       51.05715200
      -28.11353000    2       50.15134000
       -1.22389500    2       16.10893600
       -1.34576500    2       14.67222300
        0.10175700    2        3.85192700
        0.17033800    2        3.81350200
    2    Num   f-ul
       -0.77523000    2       11.94058400
       -2.15725900    2       17.76116000
Se  -------------------------------------
   34    iatm
    5    NBlock
    1    Num   g-ul
        0.00000000    2        1.00000000
    2    Num   s-ul
      370.12288800    2       30.04699000
       10.45616800    2        6.91868800
    4    Num   p-ul
       99.13505900    2       45.77301400
      198.29248300    2       45.29464200
       28.33874700    2       20.73964800
       56.74974700    2       20.02860100
    6    Num   d-ul
      -18.52655600    2       50.94176800
      -28.33492100    2       49.59474000
       -0.69608900    2       16.32352200
       -1.16789100    2       14.46519600
        0.04144300    2        3.77533000
        0.23558300    2        3.50195300
    2    Num   f-ul
       -0.76626200    2       11.95086700
       -2.10274200    2       17.81078000
Br  -------------------------------------
   35    iatm
    5    NBlock
    1    Num   g-ul
        0.00000000    2        1.00000000
    3    Num   s-ul
       49.96283400    2       70.02425700
      370.01420500    2       31.17841200
       10.24143900    2        7.15659300
    4    Num   p-ul
       99.11224400    2       46.77347100
      198.25304600    2       46.18412000
       28.26174000    2       21.71385800
       56.62336600    2       20.94179200
    6    Num   d-ul
      -18.60585300    2       50.69883900
      -27.92328000    2       50.64476400
       -0.37969300    2       15.44750900
       -0.78058300    2       15.50025900
        0.03596800    2        2.80039100
        0.09439700    2        1.07748000
    2    Num   f-ul
       -1.09126900    2       14.46560600
       -2.88769100    2       21.23406500
Kr  -------------------------------------
   36    iatm
    5    NBlock
    1    Num   g-ul
        0.00000000    2        1.00000000
    3    Num   s-ul
       49.95383500    2       70.03441000
      369.97823800    2       31.89597100
       10.05454400    2        7.35372800
    4    Num   p-ul
       99.10183300    2       47.26518300
      198.23252400    2       46.66426800
       28.20467000    2       23.00813300
       56.51679200    2       22.10097900
    6    Num   d-ul
      -18.58887700    2       50.76816500
      -27.87539800    2       50.78222800
       -0.29341100    2       15.47949700
       -0.46939900    2       15.55938300
        0.06888100    2        2.87715400
        0.13227000    2        1.99119600
    2    Num   f-ul
       -1.22338900    2       15.43756700
       -2.99123300    2       22.05574200
Y   -------------------------------------
   39    iatm
    5    NBlock
    1    Num   g-ul
        0.00000000    2        1.00000000
    2    Num   s-ul
      135.13497400    2        7.85827500
       15.41163200    2        3.38212800
    4    Num   p-ul
       29.25143700    2        6.84979100
       58.50836300    2        6.71009200
        3.78024300    2        3.04215900
        7.67654700    2        2.93733000
    4    Num   d-ul
       11.84991100    2        5.41631500
       17.77810300    2        5.33341600
        2.06238300    2        1.97621200
        3.07565000    2        1.96111100
    2    Num   f-ul
       -6.92807800    2        5.02859000
       -9.15509900    2        5.00558200
Zr  -------------------------------------
   40    iatm
    5    NBlock
    1    Num   g-ul
        0.00000000    2        1.00000000
    2    Num   s-ul
      150.24299400    2        8.63652800
       18.78003600    2        3.71763900
    4    Num   p-ul
       33.19279100    2        7.62672800
       66.38903900    2        7.45320700
        4.62072600    2        3.35838900
        9.26027000    2        3.22973800
    4    Num   d-ul
       13.99338300    2        5.93808600
       20.99588200    2        5.82554400
        2.28516600    2        2.20501900
        3.44126000    2        2.20629200
    2    Num   f-ul
       -5.23932000    2        4.80021500
       -6.98742400    2        4.79899200
Nb  -------------------------------------
   41    iatm
    5    NBlock
    1    Num   g-ul
        0.00000000    2        1.00000000
    2    Num   s-ul
      165.15673600    2        9.37657800
       21.82395100    2        4.04357200
    4    Num   p-ul
       37.24928400    2        8.36360900
       74.50738900    2        8.16689800
        5.43948600    2        3.69307500
       10.91325200    2        3.55104700
    4    Num   d-ul
       15.21454900    2        6.68910800
       22.83350800    2        6.53719300
        3.00005200    2        2.55111800
        4.55373400    2        2.56789600
    2    Num   f-ul
       -6.28135400    2        5.56828500
       -8.75564400    2        5.67137200
Mo  -------------------------------------
   42    iatm
    5    NBlock
    1    Num   g-ul
        0.00000000    2        1.00000000
    2    Num   s-ul
      180.07685300    2       10.09700000
       24.71592000    2        4.37567000
    4    Num   p-ul
       41.22767800    2        9.12656400
       82.45267000    2        8.86322300
        6.34509200    2        4.04494800
       12.45842300    2        3.86665700
    4    Num   d-ul
       19.30874400    2        7.53575400
       28.97767400    2        7.27897600
        3.18951600    2        2.76320500
        4.70016900    2        2.77208500
    2    Num   f-ul
       -7.17888800    2        6.30663300
       -9.74597800    2        6.35644800
Tc  -------------------------------------
   43    iatm
    5    NBlock
    1    Num   g-ul
        0.00000000    2        1.00000000
    2    Num   s-ul
      195.09130300    2       10.79936900
       27.34041300    2        4.70725700
    4    Num   p-ul
       45.06081200    2        9.82669900
       90.11729500    2        9.56111500
        7.07051700    2        4.37857800
       14.04801900    2        4.19090700
    4    Num   d-ul
       21.65775500    2        8.33604500
       32.47195900    2        8.24453300
        3.78952500    2        3.09370700
        6.05343000    2        3.16872200
    2    Num   f-ul
       -7.99562300    2        7.04094000
      -10.74569600    2        7.06947300
Ru  -------------------------------------
   44    iatm
    5    NBlock
    1    Num   g-ul
        0.00000000    2        1.00000000
    2    Num   s-ul
      209.78649300    2       11.50059000
       30.21430700    2        5.06857500
    4    Num   p-ul
       48.75124400    2       10.53263400
       97.49652900    2       10.19201000
        7.86018800    2        4.73489200
       15.32975100    2        4.50906500
    4    Num   d-ul
       26.96750600    2        8.87797700
       40.43230300    2        8.76612200
        3.34075800    2        3.17019600
        5.25635200    2        3.22885100
    2    Num   f-ul
       -8.84752500    2        7.82024900
      -11.83551800    2        7.83964700
Rh  -------------------------------------
   45    iatm
    5    NBlock
    1    Num   g-ul
        0.00000000    2        1.00000000
    2    Num   s-ul
      225.31205400    2       12.19481600
       32.44158200    2        5.40513700
    4    Num   p-ul
       52.87282600    2       11.28075500
      105.74552600    2       10.92724800
        8.61934400    2        5.09011700
       16.97345900    2        4.85183200
    4    Num   d-ul
       25.10850100    2        9.13633700
       37.69573100    2        8.96480800
        4.20258400    2        3.64361200
        6.29279000    2        3.63600700
    2    Num   f-ul
       -9.67356800    2        8.61622800
      -12.89984700    2        8.62943500
Pd  -------------------------------------
   46    iatm
    5    NBlock
    1    Num   g-ul
        0.00000000    2        1.00000000
    2    Num   s-ul
      240.26278900    2       12.79882500
       34.72996100    2        5.80052800
    4    Num   p-ul
       56.74692900    2       11.87469700
      113.44441700    2       11.47433500
        9.34563900    2        5.51599900
       18.34544700    2        5.24804300
    4    Num   d-ul
       28.59555400    2        8.50221200
       43.45392100    2        7.98332400
        1.85228600    2        3.10762800
        1.40676500    2        2.47673400
    2    Num   f-ul
      -10.98725500    2        9.67957100
      -14.62619000    2        9.69134900
Ag  -------------------------------------
   47    iatm
    5    NBlock
    1    Num   g-ul
        0.00000000    2        1.00000000
    2    Num   s-ul
      255.05477100    2       12.56771400
       36.98339300    2        6.99766200
    4    Num   p-ul
       60.71570500    2       11.31649600
      121.44388900    2       10.95806300
       10.17186600    2        7.11140000
       20.48656400    2        6.77331900
    4    Num   d-ul
       29.50493800    2        8.92843700
       44.01873600    2       11.10256700
        5.36833300    2        5.54321200
        7.40837500    2        3.92883500
    2    Num   f-ul
      -12.62340300    2       11.01291300
      -16.76432700    2       11.01989800
Cd  -------------------------------------
   48    iatm
    5    NBlock
    1    Num   g-ul
        0.00000000    2        1.00000000
    2    Num   s-ul
      270.03944800    2       13.35517600
       38.87776600    2        7.30837800
    4    Num   p-ul
       64.60747000    2       12.65972800
      129.21944500    2       12.28963900
       10.62255800    2        6.78617600
       21.26504600    2        6.40074300
    4    Num   d-ul
       31.66396500    2       11.16172200
       47.48921600    2       11.21961500
        5.18620000    2        4.53773300
        7.56606300    2        4.33572700
    2    Num   f-ul
      -12.63278500    2       11.47898600
      -16.76017100    2       11.48702700
In  -------------------------------------
   49    iatm
    5    NBlock
    1    Num   g-ul
        0.00000000    2        1.00000000
    2    Num   s-ul
      281.12235000    2       15.39282200
       61.90147000    2        8.05586400
    4    Num   p-ul
       67.46215400    2       13.92867200
      134.94925000    2       13.34723400
       14.74614000    2        7.61413200
       29.63926200    2        7.31836500
    4    Num   d-ul
       35.49325400    2       14.03471500
       53.17877300    2       14.51161600
        9.17728100    2        5.55055000
       12.39241000    2        5.05941500
    2    Num   f-ul
      -13.72807800    2       12.53905600
      -18.20686600    2       12.55256100
Sn  -------------------------------------
   50    iatm
    5    NBlock
    1    Num   g-ul
        0.00000000    2        1.00000000
    2    Num   s-ul
      279.98868200    2       17.42041400
       62.37781000    2        7.63115500
    4    Num   p-ul
       66.16252300    2       16.13102400
      132.17439600    2       15.62807700
       16.33941700    2        7.32560800
       32.48895900    2        6.94251900
    4    Num   d-ul
       36.38744100    2       15.51497600
       54.50784100    2       15.18816000
        8.69682300    2        5.45602400
       12.84020800    2        5.36310500
    2    Num   f-ul
      -12.57633300    2       12.28234800
      -16.59594400    2       12.27215000
Sb  -------------------------------------
   51    iatm
    5    NBlock
    1    Num   g-ul
        0.00000000    2        1.00000000
    2    Num   s-ul
      281.07158100    2       16.33086500
       61.71660400    2        8.55654200
    4    Num   p-ul
       67.45738000    2       14.47033700
      134.93350300    2       13.81619400
       14.71634400    2        8.42492400
       29.51851200    2        8.09272800
    4    Num   d-ul
       35.44781500    2       14.88633100
       53.14346600    2       15.14631900
        9.17922300    2        5.90826700
       13.24025300    2        5.59432200
    2    Num   f-ul
      -15.36680100    2       14.44497800
      -20.29613800    2       14.44929500
Te  -------------------------------------
   52    iatm
    5    NBlock
    1    Num   g-ul
        0.00000000    2        1.00000000
    2    Num   s-ul
      281.04584300    2       16.81447300
       61.62065600    2        8.79352600
    4    Num   p-ul
       67.44946400    2       14.87780100
      134.90430400    2       14.26973100
       14.68954700    2        8.72443500
       29.41506300    2        8.29151500
    4    Num   d-ul
       35.43205700    2       15.20500800
       53.13568700    2       15.22584800
        9.06980200    2        6.07176900
       13.12230400    2        5.80476000
    2    Num   f-ul
      -15.74545000    2       15.20616800
      -20.74244800    2       15.20170200
I   -------------------------------------
   53    iatm
    5    NBlock
    1    Num   g-ul
        0.00000000    2        1.00000000
    3    Num   s-ul
       49.98964900    2       40.03337600
      281.00655600    2       17.30057600
       61.41673900    2        8.85172000
    4    Num   p-ul
       67.41623900    2       15.72014100
      134.80769600    2       15.20822200
       14.56654800    2        8.29418600
       28.96842200    2        7.75394900
    4    Num   d-ul
       35.53875600    2       13.81775100
       53.33975900    2       13.58780500
        9.71646600    2        6.94763000
       14.97750000    2        6.96009900
    4    Num   f-ul
      -20.17661800    2       18.52295000
      -26.08807700    2       18.25103500
       -0.22043400    2        7.55790100
       -0.22164600    2        7.59740400
Xe  -------------------------------------
   54    iatm
    5    NBlock
    1    Num   g-ul
        0.00000000    2        1.00000000
    3    Num   s-ul
       49.99796200    2       40.00518400
      281.01330300    2       17.81221400
       61.53825500    2        9.30415000
    4    Num   p-ul
       67.43914200    2       15.70177200
      134.87471100    2       15.25860800
       14.66330000    2        9.29218400
       29.35473000    2        8.55900300
    6    Num   d-ul
       35.43690800    2       15.18560000
       53.19577200    2       14.28450000
        9.04623200    2        7.12188900
       13.22368100    2        6.99196300
        0.08485300    2        0.62394600
        0.04415500    2        0.64728400
    4    Num   f-ul
      -23.08929500    2       20.88155700
      -30.07447500    2       20.78344300
       -0.28822700    2        5.25338900
       -0.38692400    2        5.36118800
Hf  -------------------------------------
   72    iatm
    6    NBlock
    1    Num   h-ul
        0.00000000    2        1.00000000
    3    Num   s-ul
      478.23740400    2       10.24885600
        0.38802400    4       10.72912700
       -1.07123200    2        1.96485600
    6    Num   p-ul
      101.04681800    2        8.68346200
      212.19776100    2        7.91692000
        0.13264600    4        9.37924300
        0.45310800    4        8.24420900
       -0.40791400    2        1.59668600
       -0.56181700    2        1.71028100
    6    Num   d-ul
       43.11546700    2        5.18955700
       65.93473200    2        5.25322900
        0.02591200    4        5.93787100
        0.03374100    4        5.71290600
       -0.28057900    2        1.01485600
       -0.08484900    2        0.47371200
    2    Num   f-ul
        4.81180100    2        1.91260800
        6.41857400    2        1.88074000
    2    Num   g-ul
       -4.63658500    2        2.72418000
       -5.76728800    2        2.70895300
Ta  -------------------------------------
   73    iatm
    6    NBlock
    1    Num   h-ul
        0.00000000    2        1.00000000
    3    Num   s-ul
      454.60064900    2       10.31806900
        2.83797500    4       10.54026700
       -0.81473600    2        2.57472600
    6    Num   p-ul
       96.91078300    2        8.74334200
      195.85043200    2        7.91622300
        4.81252400    4        9.27573600
        6.33851200    4        8.10167500
       -0.45917300    2        2.07712700
       -0.64458600    2        2.75037200
    6    Num   d-ul
       45.96997600    2        5.44731400
       69.63897200    2        5.21254500
        0.80293300    4        5.88435800
        0.42959500    4        5.64957900
       -0.30722700    2        1.38818000
       -0.46156000    2        1.29439800
    2    Num   f-ul
        5.75777300    2        2.16127500
        7.67816700    2        2.12593900
    2    Num   g-ul
       -5.68406600    2        3.14592000
       -7.06231300    2        3.12794200
W   -------------------------------------
   74    iatm
    6    NBlock
    1    Num   h-ul
        0.00000000    2        1.00000000
    2    Num   s-ul
      419.22759900    2       11.06379500
       41.19130700    2        8.21764100
    6    Num   p-ul
      107.34811000    2        9.33818800
      214.69956800    2        8.43044800
        0.02544200    4        9.49002000
        0.05189500    4        9.48994700
       -0.11718400    2        1.88299700
        0.29668900    2        1.90697200
    6    Num   d-ul
       58.88127900    2        6.20543300
       98.68355600    2        6.12215700
        0.01953700    4        6.27455600
        0.02195600    4        6.22637500
       -0.08857700    2        1.96387500
       -0.20972600    2        1.88828700
    2    Num   f-ul
        6.23247200    2        2.30795300
        8.31134500    2        2.27060900
    2    Num   g-ul
       -6.80294400    2        3.58349100
       -8.44323200    2        3.56251500
Re  -------------------------------------
   75    iatm
    6    NBlock
    1    Num   h-ul
        0.00000000    2        1.00000000
    2    Num   s-ul
      421.97030000    2       12.16381400
       50.13443900    2        7.10759500
    4    Num   p-ul
       88.48191000    2        9.68459700
      176.78722000    2        9.47621400
       10.43433800    2        7.66806600
       20.45874300    2        5.05515600
    4    Num   d-ul
       43.16243100    2        6.50988800
       64.76775900    2        6.09121600
        5.34030100    2        4.16400600
        8.24333200    2        4.40737900
    2    Num   f-ul
        7.24454300    2        2.56265800
        9.65926600    2        2.52154900
    2    Num   g-ul
       -7.97494000    2        4.03459900
       -9.88273600    2        4.00962800
Os  -------------------------------------
   76    iatm
    6    NBlock
    1    Num   h-ul
        0.00000000    2        1.00000000
    2    Num   s-ul
      424.39037600    2       13.00200100
       57.12250300    2        6.96276300
    4    Num   p-ul
       88.27900300    2       10.49894100
      176.48606400    2        9.99252300
       11.71501200    2        6.58824800
       22.91500600    2        5.03716700
    4    Num   d-ul
       44.77770800    2        7.08344100
       67.15364800    2        6.72117900
        5.55038700    2        3.79462600
        8.22010400    2        3.74812500
    2    Num   f-ul
        8.32833200    2        2.82627600
       11.10310200    2        2.78119800
    2    Num   g-ul
       -9.18134300    2        4.49698100
      -11.36160400    2        4.46773800
Ir  -------------------------------------
   77    iatm
    6    NBlock
    1    Num   h-ul
        0.00000000    2        1.00000000
    2    Num   s-ul
      426.95814900    2       13.83147400
       65.33881300    2        7.04791400
    4    Num   p-ul
       88.07544200    2       11.10643300
      176.12477000    2       10.45655200
       12.68226000    2        6.37961400
       24.63594900    2        5.06472600
    4    Num   d-ul
       46.43325800    2        7.54875400
       69.63807400    2        7.26530800
        6.15024800    2        3.80096900
        9.46356000    2        3.71828000
    2    Num   f-ul
        9.48361000    2        3.09870600
       12.64274200    2        3.04946100
    2    Num   g-ul
      -10.41069700    2        4.96979000
      -12.86319600    2        4.93561400
Pt  -------------------------------------
   78    iatm
    6    NBlock
    1    Num   h-ul
        0.00000000    2        1.00000000
    2    Num   s-ul
      429.64608700    2       14.60450000
       73.15688400    2        7.21828700
    4    Num   p-ul
       88.02291700    2       11.57716200
      175.99819600    2       10.88384300
       13.68227400    2        6.42440300
       27.41465100    2        5.22419800
    4    Num   d-ul
       43.55785200    2        7.69961000
       65.36910800    2        7.55080800
        7.01859600    2        3.96116400
       11.39173300    2        3.87277700
    2    Num   f-ul
       10.71022000    2        3.37986900
       14.27812500    2        3.32625500
    2    Num   g-ul
      -11.65174900    2        5.45202000
      -14.37552500    2        5.41258500
Au  -------------------------------------
   79    iatm
    6    NBlock
    1    Num   h-ul
        0.00000000    2        1.00000000
    2    Num   s-ul
      426.64186700    2       13.52321800
       36.80066800    2        6.26438400
    4    Num   p-ul
       87.00209100    2       11.41386700
      174.00437000    2       10.32921500
        8.87061000    2        5.70742400
       17.90243800    2        4.82816500
    4    Num   d-ul
       49.88365500    2        7.43096300
       74.68454900    2        8.32199000
        6.48622700    2        4.60964200
        9.54682100    2        3.51150700
    2    Num   f-ul
        8.79164000    2        3.08463900
       11.65845600    2        3.02474300
    2    Num   g-ul
       -5.23433700    2        3.97844200
       -6.73814200    2        4.01149100
Hg  -------------------------------------
   80    iatm
    6    NBlock
    1    Num   h-ul
        0.00000000    2        1.00000000
    2    Num   s-ul
      275.77479700    2       12.41307100
       49.26789800    2        6.89791300
    4    Num   p-ul
       80.50698400    2       11.31032000
      161.03482400    2       10.21077300
        9.08341600    2        5.93980400
       18.36777300    2        5.01975500
    4    Num   d-ul
       51.13725600    2        8.40789500
       76.70745900    2        8.21408600
        6.56182100    2        4.01261200
        9.81807000    2        3.79539800
    2    Num   f-ul
        9.42900100    2        3.27310600
       12.49485600    2        3.20832100
    2    Num   g-ul
       -6.33841400    2        4.48529600
       -8.09986300    2        4.51320000
Tl  -------------------------------------
   81    iatm
    6    NBlock
    1    Num   h-ul
        0.00000000    2        1.00000000
    2    Num   s-ul
      281.28466300    2       12.16780500
       62.43425100    2        8.29490900
    4    Num   p-ul
        4.63340800    2        7.15149200
        9.34175600    2        5.17286500
       72.29925300    2        9.89107200
      144.55803700    2        9.00339100
    4    Num   d-ul
       35.94303900    2        7.13021800
       53.90959300    2        6.92690600
       10.38193900    2        5.41757000
       15.58382200    2        5.13868100
    4    Num   f-ul
       15.82548800    2        5.62639900
       21.10402100    2        5.54895200
        2.91512700    2        2.87494600
        3.89690300    2        2.82145100
    4    Num   g-ul
       -7.49453400    2        6.67905700
       -9.54057500    2        6.70683500
       -7.79799200    2        7.20928400
       -9.25952400    2        7.07096400
Pb  -------------------------------------
   82    iatm
    6    NBlock
    1    Num   h-ul
        0.00000000    2        1.00000000
    2    Num   s-ul
      281.28549900    2       12.29630300
       62.52021700    2        8.63263400
    4    Num   p-ul
       72.27689700    2       10.24179000
      144.59108300    2        8.92417600
        4.75869300    2        6.58134200
        9.94062100    2        6.25540300
    4    Num   d-ul
       35.84850700    2        7.75433600
       53.72434200    2        7.72028100
       10.11525600    2        4.97026400
       14.83373100    2        4.56378900
    2    Num   f-ul
       12.20989200    2        3.88751200
       16.19029100    2        3.81196300
    2    Num   g-ul
       -9.09666500    2        5.69157700
      -11.53199600    2        5.71556700
Bi  -------------------------------------
   83    iatm
    6    NBlock
    1    Num   h-ul
        0.00000000    2        1.00000000
    2    Num   s-ul
      283.26422700    2       13.04309000
       62.47195900    2        8.22168200
    4    Num   p-ul
       72.00149900    2       10.46777700
      144.00227700    2        9.11890100
        5.00794500    2        6.75479100
        9.99155000    2        6.25259200
    4    Num   d-ul
       36.39625900    2        8.08147400
       54.59766400    2        7.89059500
        9.98429400    2        4.95555600
       14.98148500    2        4.70455900
    2    Num   f-ul
       13.71338300    2        4.21454600
       18.19430800    2        4.13340000
    2    Num   g-ul
      -10.24744300    2        6.20570900
      -12.95571000    2        6.22778200
Po  -------------------------------------
   84    iatm
    6    NBlock
    1    Num   h-ul
        0.00000000    2        1.00000000
    2    Num   s-ul
      283.24470600    2       13.27722700
       62.39646100    2        8.39951800
    4    Num   p-ul
       71.99171600    2       10.66568200
      143.97187100    2        9.28375300
        4.94961500    2        6.87274900
        9.74049900    2        6.32615000
    4    Num   d-ul
       36.37838300    2        8.21486600
       54.56271500    2        8.00869600
        9.88949900    2        5.05522700
       14.69387700    2        4.78255300
    4    Num   f-ul
       17.42829500    2        5.01327000
       23.38035300    2        4.98464000
        0.16339200    2        1.32676000
        0.32456600    2        1.52875800
    2    Num   g-ul
      -11.56329400    2        6.77152600
      -14.50978800    2        6.77792500
At  -------------------------------------
   85    iatm
    6    NBlock
    1    Num   h-ul
        0.00000000    2        1.00000000
    3    Num   s-ul
       49.95715800    2       30.20083200
      283.21037100    2       13.61230600
       62.28105200    2        8.52934000
    4    Num   p-ul
       71.98237100    2       10.85406500
      143.90353200    2        9.46822900
        4.87175900    2        7.03111400
        8.98305900    2        6.14385800
    4    Num   d-ul
       36.36323700    2        8.31351500
       54.54897000    2        7.99896500
        9.77628500    2        5.17996600
       14.26475500    2        4.94222600
    4    Num   f-ul
       19.87019800    2        5.81216300
       26.41645200    2        5.75371500
        0.99497000    2        2.51347200
        1.49070100    2        2.53626100
    4    Num   g-ul
      -22.22320300    2        9.89577800
      -26.71547600    2        9.73733400
       -0.37304400    2        3.01333100
       -0.48594600    2        3.09776300
Rn  -------------------------------------
   86    iatm
    6    NBlock
    1    Num   h-ul
        0.00000000    2        1.00000000
    3    Num   s-ul
       49.96555100    2       30.15124200
      283.07000000    2       14.52124100
       62.00287000    2        8.05203800
    4    Num   p-ul
       71.96911900    2       11.00994200
      143.86055900    2        9.61762500
        4.71476100    2        7.33600800
        9.01306500    2        6.40625300
    4    Num   d-ul
       36.36836500    2        8.36922000
       54.55176100    2        8.11697500
        9.63448700    2        5.35365600
       14.38790200    2        5.09721200
    4    Num   f-ul
       21.79729000    2        6.34857100
       28.94680500    2        6.29594900
        1.44736500    2        2.88211800
        2.17796400    2        2.90804800
    4    Num   g-ul
      -25.22809500    2       11.01520500
      -30.56612100    2       10.90985300
       -0.57480000    2        3.48276100
       -0.77953800    2        3.60041800
end
