 Amesp ECP library : def2ecp

Rb  -------------------------------------
   37    iatm
    4    NBlock
    1    Num   f-ul
      -12.31690000    2        3.84311400
    3    Num   s-ul
       89.50019800    2        5.03655100
        0.49376100    2        1.97084900
       12.31690000    2        3.84311400
    3    Num   p-ul
       58.56897400    2        4.25834100
        0.43179100    2        1.47070900
       12.31690000    2        3.84311400
    3    Num   d-ul
       26.22489800    2        3.02312700
        0.96283900    2        0.65038300
       12.31690000    2        3.84311400
Sr  -------------------------------------
   38    iatm
    4    NBlock
    1    Num   f-ul
      -15.80599200    2        4.63397500
    3    Num   s-ul
      135.47943000    2        7.40007400
       17.53446300    2        3.60637900
       15.80599200    2        4.63397500
    3    Num   p-ul
       88.35970900    2        6.48486800
       15.39437200    2        3.28805300
       15.80599200    2        4.63397500
    3    Num   d-ul
       29.88898700    2        4.62284100
        6.65941400    2        2.24690400
       15.80599200    2        4.63397500
Y   -------------------------------------
   39    iatm
    4    NBlock
    2    Num   f-ul
      -19.12219811    2        6.58421200
       -2.43637543    2        3.29210600
    4    Num   s-ul
      135.15384410    2        7.48804940
       15.55244130    2        3.74402470
       19.12219811    2        6.58421200
        2.43637543    2        3.29210600
    4    Num   p-ul
       87.78499167    2        6.44537720
       11.56406599    2        3.22268860
       19.12219811    2        6.58421200
        2.43637543    2        3.29210600
    4    Num   d-ul
       29.70100072    2        4.65844720
        5.53996847    2        2.32922360
       19.12219811    2        6.58421200
        2.43637543    2        3.29210600
Zr  -------------------------------------
   40    iatm
    4    NBlock
    2    Num   f-ul
      -21.09377605    2        7.54000000
       -3.08069427    2        3.77000000
    4    Num   s-ul
      150.26759110    2        8.20000000
       18.97621650    2        4.08972780
       21.09377605    2        7.54000000
        3.08069427    2        3.77000000
    4    Num   p-ul
       99.62212372    2        7.11000000
       14.16873329    2        3.59679800
       21.09377605    2        7.54000000
        3.08069427    2        3.77000000
    4    Num   d-ul
       35.04512355    2        5.35000000
        6.11125948    2        2.49182150
       21.09377605    2        7.54000000
        3.08069427    2        3.77000000
Nb  -------------------------------------
   41    iatm
    4    NBlock
    2    Num   f-ul
      -22.92954996    2        8.49000000
       -3.66630986    2        4.25000000
    4    Num   s-ul
      165.17914350    2        8.90000000
       21.99297437    2        4.43000000
       22.92954996    2        8.49000000
        3.66630986    2        4.25000000
    4    Num   p-ul
      111.79441450    2        7.77000000
       16.63348326    2        3.96000000
       22.92954996    2        8.49000000
        3.66630986    2        4.25000000
    4    Num   d-ul
       38.11224880    2        6.05000000
        8.03916727    2        2.84000000
       22.92954996    2        8.49000000
        3.66630986    2        4.25000000
Mo  -------------------------------------
   42    iatm
    4    NBlock
    2    Num   f-ul
      -24.80517707    2        9.45000000
       -4.15378155    2        4.72000000
    4    Num   s-ul
      180.10310850    2        9.71459380
       24.99722791    2        4.68050040
       24.80517707    2        9.45000000
        4.15378155    2        4.72000000
    4    Num   p-ul
      123.77275230    2        8.14213660
       19.53022800    2        4.62598630
       24.80517707    2        9.45000000
        4.15378155    2        4.72000000
    4    Num   d-ul
       48.37502229    2        6.61841480
        8.89205274    2        3.24875160
       24.80517707    2        9.45000000
        4.15378155    2        4.72000000
Tc  -------------------------------------
   43    iatm
    4    NBlock
    2    Num   f-ul
      -26.56244747    2       10.40000000
       -4.58568054    2        5.20000000
    4    Num   s-ul
      195.15916590    2       10.42234620
       28.09260333    2        5.03651600
       26.56244747    2       10.40000000
        4.58568054    2        5.20000000
    4    Num   p-ul
      135.28456620    2        8.95044940
       21.80650430    2        4.85443940
       26.56244747    2       10.40000000
        4.58568054    2        5.20000000
    4    Num   d-ul
       54.32972942    2        6.94569680
       11.15506795    2        3.97058490
       26.56244747    2       10.40000000
        4.58568054    2        5.20000000
Ru  -------------------------------------
   44    iatm
    4    NBlock
    2    Num   f-ul
      -28.34061627    2       11.36000000
       -4.94462923    2        5.68000000
    4    Num   s-ul
      209.82297120    2       11.10526930
       30.65472642    2        5.41474540
       28.34061627    2       11.36000000
        4.94462923    2        5.68000000
    4    Num   p-ul
      146.33618230    2        9.77127070
       24.12787723    2        5.07399080
       28.34061627    2       11.36000000
        4.94462923    2        5.68000000
    4    Num   d-ul
       67.51589667    2        7.67142310
        9.87010415    2        4.13656470
       28.34061627    2       11.36000000
        4.94462923    2        5.68000000
Rh  -------------------------------------
   45    iatm
    4    NBlock
    2    Num   f-ul
      -30.09345572    2       12.31000000
       -5.21848192    2        6.16000000
    4    Num   s-ul
      225.34775350    2       11.72000000
       32.82318898    2        5.82000000
       30.09345572    2       12.31000000
        5.21848192    2        6.16000000
    4    Num   p-ul
      158.70941160    2       10.42000000
       26.44410049    2        5.45000000
       30.09345572    2       12.31000000
        5.21848192    2        6.16000000
    4    Num   d-ul
       62.75862572    2        8.82000000
       10.97871947    2        3.87000000
       30.09345572    2       12.31000000
        5.21848192    2        6.16000000
Pd  -------------------------------------
   46    iatm
    4    NBlock
    2    Num   f-ul
      -31.92955431    2       13.27000000
       -5.39821694    2        6.63000000
    4    Num   s-ul
      240.22904030    2       12.43000000
       35.17194347    2        6.17075940
       31.92955431    2       13.27000000
        5.39821694    2        6.63000000
    4    Num   p-ul
      170.41727600    2       11.08000000
       28.47213287    2        5.82955410
       31.92955431    2       13.27000000
        5.39821694    2        6.63000000
    4    Num   d-ul
       69.01384488    2        9.51000000
       11.75086158    2        4.13978110
       31.92955431    2       13.27000000
        5.39821694    2        6.63000000
Ag  -------------------------------------
   47    iatm
    4    NBlock
    2    Num   f-ul
      -33.68992012    2       14.22000000
       -5.53112021    2        7.11000000
    4    Num   s-ul
      255.13936450    2       13.13000000
       36.86612154    2        6.51000000
       33.68992012    2       14.22000000
        5.53112021    2        7.11000000
    4    Num   p-ul
      182.18186870    2       11.74000000
       30.35775148    2        6.20000000
       33.68992012    2       14.22000000
        5.53112021    2        7.11000000
    4    Num   d-ul
       73.71926087    2       10.21000000
       12.50211712    2        4.38000000
       33.68992012    2       14.22000000
        5.53112021    2        7.11000000
Cd  -------------------------------------
   48    iatm
    4    NBlock
    2    Num   f-ul
      -35.47662555    2       15.18479570
       -5.61767685    2        7.59239780
    4    Num   s-ul
      270.00948320    2       13.83586890
       38.76730798    2        6.85727040
       35.47662555    2       15.18479570
        5.61767685    2        7.59239780
    4    Num   p-ul
      193.82962940    2       12.40497100
       31.89652523    2        6.56779950
       35.47662555    2       15.18479570
        5.61767685    2        7.59239780
    4    Num   d-ul
       79.19364700    2       10.89692530
       13.23082674    2        4.64116490
       35.47662555    2       15.18479570
        5.61767685    2        7.59239780
In  -------------------------------------
   49    iatm
    4    NBlock
    2    Num   f-ul
      -13.72807800    2       12.53905600
      -18.20686600    2       12.55256100
    4    Num   s-ul
      281.12235000    2       15.39282200
       61.90147000    2        8.05586400
       13.72807800    2       12.53905600
       18.20686600    2       12.55256100
    6    Num   p-ul
       67.46215400    2       13.92867200
      134.94925000    2       13.34723400
       14.74614000    2        7.61413200
       29.63926200    2        7.31836500
       13.72807800    2       12.53905600
       18.20686600    2       12.55256100
    6    Num   d-ul
       35.49325400    2       14.03471500
       53.17877300    2       14.51161600
        9.17728100    2        5.55055000
       12.39241000    2        5.05941500
       13.72807800    2       12.53905600
       18.20686600    2       12.55256100
Sn  -------------------------------------
   50    iatm
    4    NBlock
    2    Num   f-ul
      -12.57633300    2       12.28234800
      -16.59594400    2       12.27215000
    4    Num   s-ul
      279.98868200    2       17.42041400
       62.37781000    2        7.63115500
       12.57633300    2       12.28234800
       16.59594400    2       12.27215000
    6    Num   p-ul
       66.16252300    2       16.13102400
      132.17439600    2       15.62807700
       16.33941700    2        7.32560800
       32.48895900    2        6.94251900
       12.57633300    2       12.28234800
       16.59594400    2       12.27215000
    6    Num   d-ul
       36.38744100    2       15.51497600
       54.50784100    2       15.18816000
        8.69682300    2        5.45602400
       12.84020800    2        5.36310500
       12.57633300    2       12.28234800
       16.59594400    2       12.27215000
Sb  -------------------------------------
   51    iatm
    4    NBlock
    2    Num   f-ul
      -15.36680100    2       14.44497800
      -20.29613800    2       14.44929500
    4    Num   s-ul
      281.07158100    2       16.33086500
       61.71660400    2        8.55654200
       15.36680100    2       14.44497800
       20.29613800    2       14.44929500
    6    Num   p-ul
       67.45738000    2       14.47033700
      134.93350300    2       13.81619400
       14.71634400    2        8.42492400
       29.51851200    2        8.09272800
       15.36680100    2       14.44497800
       20.29613800    2       14.44929500
    6    Num   d-ul
       35.44781500    2       14.88633100
       53.14346600    2       15.14631900
        9.17922300    2        5.90826700
       13.24025300    2        5.59432200
       15.36680100    2       14.44497800
       20.29613800    2       14.44929500
Te  -------------------------------------
   52    iatm
    4    NBlock
    2    Num   f-ul
      -15.74545000    2       15.20616800
      -20.74244800    2       15.20170200
    4    Num   s-ul
      281.04584300    2       16.81447300
       61.62065600    2        8.79352600
       15.74545000    2       15.20616800
       20.74244800    2       15.20170200
    6    Num   p-ul
       67.44946400    2       14.87780100
      134.90430400    2       14.26973100
       14.68954700    2        8.72443500
       29.41506300    2        8.29151500
       15.74545000    2       15.20616800
       20.74244800    2       15.20170200
    6    Num   d-ul
       35.43205700    2       15.20500800
       53.13568700    2       15.22584800
        9.06980200    2        6.07176900
       13.12230400    2        5.80476000
       15.74545000    2       15.20616800
       20.74244800    2       15.20170200
I   -------------------------------------
   53    iatm
    4    NBlock
    4    Num   f-ul
      -21.84204000    2       19.45860900
      -28.46819100    2       19.34926000
       -0.24371300    2        4.82376700
       -0.32080400    2        4.88431500
    7    Num   s-ul
       49.99429300    2       40.01583500
      281.02531700    2       17.42974700
       61.57332600    2        9.00548400
       21.84204000    2       19.45860900
       28.46819100    2       19.34926000
        0.24371300    2        4.82376700
        0.32080400    2        4.88431500
    8    Num   p-ul
       67.44284100    2       15.35546600
      134.88113700    2       14.97183300
       14.67505100    2        8.96016400
       29.37566600    2        8.25909600
       21.84204000    2       19.45860900
       28.46819100    2       19.34926000
        0.24371300    2        4.82376700
        0.32080400    2        4.88431500
   10    Num   d-ul
       35.43952900    2       15.06890800
       53.17605700    2       14.55532200
        9.06719500    2        6.71864700
       13.20693700    2        6.45639300
        0.08933500    2        1.19177900
        0.05238000    2        1.29115700
       21.84204000    2       19.45860900
       28.46819100    2       19.34926000
        0.24371300    2        4.82376700
        0.32080400    2        4.88431500
Xe  -------------------------------------
   54    iatm
    4    NBlock
    4    Num   f-ul
      -23.08929500    2       20.88155700
      -30.07447500    2       20.78344300
       -0.28822700    2        5.25338900
       -0.38692400    2        5.36118800
    7    Num   s-ul
       49.99796200    2       40.00518400
      281.01330300    2       17.81221400
       61.53825500    2        9.30415000
       23.08929500    2       20.88155700
       30.07447500    2       20.78344300
        0.28822700    2        5.25338900
        0.38692400    2        5.36118800
    8    Num   p-ul
       67.43914200    2       15.70177200
      134.87471100    2       15.25860800
       14.66330000    2        9.29218400
       29.35473000    2        8.55900300
       23.08929500    2       20.88155700
       30.07447500    2       20.78344300
        0.28822700    2        5.25338900
        0.38692400    2        5.36118800
   10    Num   d-ul
       35.43690800    2       15.18560000
       53.19577200    2       14.28450000
        9.04623200    2        7.12188900
       13.22368100    2        6.99196300
        0.08485300    2        0.62394600
        0.04415500    2        0.64728400
       23.08929500    2       20.88155700
       30.07447500    2       20.78344300
        0.28822700    2        5.25338900
        0.38692400    2        5.36118800
Cs  -------------------------------------
   55    iatm
    4    NBlock
    1    Num   f-ul
      -28.88430900    2        3.12326900
    3    Num   s-ul
       84.54773000    2        4.07975000
       16.65417300    2        2.41740600
       28.88430900    2        3.12326900
    3    Num   p-ul
      157.04905900    2        5.51408000
       26.42330700    2        2.16031600
       28.88430900    2        3.12326900
    3    Num   d-ul
       13.17275300    2        1.80741000
        3.34283300    2        0.85818200
       28.88430900    2        3.12326900
Ba  -------------------------------------
   56    iatm
    4    NBlock
    1    Num   f-ul
      -33.47317400    2        3.58946500
    3    Num   s-ul
      427.84581600    2        9.52698600
      204.41753000    2        4.48751000
       33.47317400    2        3.58946500
    3    Num   p-ul
      293.60586400    2        8.31593000
      294.19331600    2        4.29221700
       33.47317400    2        3.58946500
    3    Num   d-ul
      112.55040200    2        5.91610800
      181.78262100    2        2.87484200
       33.47317400    2        3.58946500
La  -------------------------------------
   57    iatm
    4    NBlock
    1    Num   f-ul
      -36.01001600    2        4.02860000
    3    Num   s-ul
       91.93217700    2        3.30990000
       -3.78876400    2        1.65500000
       36.01001600    2        4.02860000
    3    Num   p-ul
       63.75948600    2        2.83680000
       -0.64795800    2        1.41840000
       36.01001600    2        4.02860000
    3    Num   d-ul
       36.11617300    2        2.02130000
        0.21911400    2        1.01070000
       36.01001600    2        4.02860000
Ce  -------------------------------------
   58    iatm
    6    NBlock
    1    Num   h-ul
        0.00000000    2        1.00000000
    1    Num   s-ul
      580.08345700    2       20.13782900
    1    Num   p-ul
      310.30283300    2       15.99848200
    1    Num   d-ul
      167.81394400    2       14.97418700
    1    Num   f-ul
      -49.39022900    2       23.40245500
    1    Num   g-ul
      -21.33187900    2       16.57055300
Pr  -------------------------------------
   59    iatm
    6    NBlock
    1    Num   h-ul
        0.00000000    2        1.00000000
    1    Num   s-ul
      577.57312200    2       20.76627800
    1    Num   p-ul
      295.78584600    2       16.07844800
    1    Num   d-ul
      150.86705500    2       14.70508900
    1    Num   f-ul
      -48.73676600    2       23.37896900
    1    Num   g-ul
      -22.32948800    2       17.44713800
Nd  -------------------------------------
   60    iatm
    6    NBlock
    1    Num   h-ul
        0.00000000    2        1.00000000
    1    Num   s-ul
      574.37098000    2       21.35226700
    1    Num   p-ul
      280.94644000    2       16.11926500
    1    Num   d-ul
      138.67062700    2       14.49410300
    1    Num   f-ul
      -47.52266800    2       23.18386000
    1    Num   g-ul
      -23.34458700    2       18.34417400
Pm  -------------------------------------
   61    iatm
    6    NBlock
    1    Num   h-ul
        0.00000000    2        1.00000000
    1    Num   s-ul
      575.39574900    2       21.94286500
    1    Num   p-ul
      281.70451400    2       16.55516100
    1    Num   d-ul
      123.52473700    2       13.96030800
    1    Num   f-ul
      -50.74151100    2       24.03354600
    1    Num   g-ul
      -24.37251000    2       19.26024500
Sm  -------------------------------------
   62    iatm
    6    NBlock
    1    Num   h-ul
        0.00000000    2        1.00000000
    1    Num   s-ul
      572.98533200    2       22.34447100
    1    Num   p-ul
      272.35914500    2       16.69459000
    1    Num   d-ul
      115.29390000    2       13.72770500
    1    Num   f-ul
      -51.10839200    2       24.05909200
    1    Num   g-ul
      -25.42188500    2       20.19724900
Eu  -------------------------------------
   63    iatm
    6    NBlock
    1    Num   h-ul
        0.00000000    2        1.00000000
    1    Num   s-ul
      607.65933100    2       23.47138400
    1    Num   p-ul
      264.38547600    2       16.77247900
    1    Num   d-ul
      115.38137500    2       13.98134300
    1    Num   f-ul
      -49.40079400    2       23.96288800
    1    Num   g-ul
      -26.74827300    2       21.23245800
Gd  -------------------------------------
   64    iatm
    6    NBlock
    1    Num   h-ul
        0.00000000    2        1.00000000
    1    Num   s-ul
      637.20086900    2       24.60215100
    1    Num   p-ul
      261.68960100    2       16.88925000
    1    Num   d-ul
      106.85653300    2       13.64335800
    1    Num   f-ul
      -50.68359000    2       24.12691700
    1    Num   g-ul
      -27.57963000    2       22.13188700
Tb  -------------------------------------
   65    iatm
    6    NBlock
    1    Num   h-ul
        0.00000000    2        1.00000000
    1    Num   s-ul
      668.59715500    2       24.95295600
    1    Num   p-ul
      266.98047500    2       17.61089900
    1    Num   d-ul
       97.50659600    2       12.97600900
    1    Num   f-ul
      -52.17575700    2       24.24886900
    1    Num   g-ul
      -28.69426800    2       23.13067200
Dy  -------------------------------------
   66    iatm
    6    NBlock
    1    Num   h-ul
        0.00000000    2        1.00000000
    1    Num   s-ul
      705.67122100    2       26.42958600
    1    Num   p-ul
      254.86698900    2       17.31703400
    1    Num   d-ul
       95.04518700    2       12.91359900
    1    Num   f-ul
      -54.57409300    2       24.90787800
    1    Num   g-ul
      -29.82827700    2       24.14875300
Ho  -------------------------------------
   67    iatm
    6    NBlock
    1    Num   h-ul
        0.00000000    2        1.00000000
    1    Num   s-ul
      755.70313600    2       28.39725700
    1    Num   p-ul
      253.55199800    2       17.43863300
    1    Num   d-ul
       89.63567700    2       12.43421200
    1    Num   f-ul
      -55.48203600    2       25.38701000
    1    Num   g-ul
      -30.99112500    2       25.18850100
Er  -------------------------------------
   68    iatm
    6    NBlock
    1    Num   h-ul
        0.00000000    2        1.00000000
    1    Num   s-ul
      800.95287600    2       29.79859200
    1    Num   p-ul
      262.01986900    2       18.11423700
    1    Num   d-ul
       80.17055200    2       11.36958700
    1    Num   f-ul
      -42.33628500    2       21.82123300
    1    Num   g-ul
      -32.18527800    2       26.25073500
Tm  -------------------------------------
   69    iatm
    6    NBlock
    1    Num   h-ul
        0.00000000    2        1.00000000
    1    Num   s-ul
      845.51074300    2       31.14412200
    1    Num   p-ul
      258.58523900    2       18.09235300
    1    Num   d-ul
       80.72905900    2       11.46915900
    1    Num   f-ul
      -48.70126600    2       23.60554400
    1    Num   g-ul
      -33.39549600    2       27.32978100
Yb  -------------------------------------
   70    iatm
    6    NBlock
    1    Num   h-ul
        0.00000000    2        1.00000000
    1    Num   s-ul
      891.01377700    2       32.42448400
    1    Num   p-ul
      264.03695300    2       18.65623200
    1    Num   d-ul
       73.92391900    2       10.49022200
    1    Num   f-ul
      -39.59217300    2       20.77418300
    1    Num   g-ul
      -34.63863800    2       28.43102800
Lu  -------------------------------------
   71    iatm
    6    NBlock
    1    Num   h-ul
        0.00000000    2        1.00000000
    1    Num   s-ul
      989.99558400    2       35.16209700
    1    Num   p-ul
      278.86565200    2       19.46440200
    1    Num   d-ul
       71.00917800    2       10.00686500
    1    Num   f-ul
      -47.40589000    2       23.51793200
    1    Num   g-ul
      -35.55714600    2       29.41223800
Hf  -------------------------------------
   72    iatm
    4    NBlock
    1    Num   f-ul
       10.04672251    2        1.78576984
    3    Num   s-ul
     1499.28471100    2       14.76995900
       40.28210136    2        7.38497940
      -10.04672251    2        1.78576984
    3    Num   p-ul
      397.73300530    2        9.84948950
       19.31640586    2        4.92474450
      -10.04672251    2        1.78576984
    3    Num   d-ul
      101.32980530    2        6.09675640
        5.87343821    2        3.04837820
      -10.04672251    2        1.78576984
Ta  -------------------------------------
   73    iatm
    4    NBlock
    1    Num   f-ul
       12.01796094    2        2.01788111
    3    Num   s-ul
     1345.88064700    2       14.54640770
       36.76680620    2        7.27320380
      -12.01796094    2        2.01788111
    3    Num   p-ul
      378.42530150    2        9.93556529
       22.29309086    2        4.96778243
      -12.01796094    2        2.01788111
    3    Num   d-ul
      104.88395570    2        6.34737691
        8.75584805    2        3.17368846
      -12.01796094    2        2.01788111
W   -------------------------------------
   74    iatm
    4    NBlock
    1    Num   f-ul
       14.15257947    2        2.25888846
    3    Num   s-ul
     1192.39588200    2       14.32285640
       32.52293315    2        7.16142810
      -14.15257947    2        2.25888846
    3    Num   p-ul
      359.03196710    2       10.02164110
       24.03038019    2        5.01082040
      -14.15257947    2        2.25888846
    3    Num   d-ul
      108.30134900    2        6.59799743
       10.98252827    2        3.29899871
      -14.15257947    2        2.25888846
Re  -------------------------------------
   75    iatm
    4    NBlock
    1    Num   f-ul
       16.44985227    2        2.50865059
    3    Num   s-ul
     1038.95157200    2       14.09930510
       29.56173830    2        7.04965250
      -16.44985227    2        2.50865059
    3    Num   p-ul
      339.54350960    2       10.10771690
       24.91369646    2        5.05385830
      -16.44985227    2        2.50865059
    3    Num   d-ul
      111.69965270    2        6.84861794
       12.62432927    2        3.42430897
      -16.44985227    2        2.50865059
Os  -------------------------------------
   76    iatm
    4    NBlock
    1    Num   f-ul
       18.90945701    2        2.76707510
    3    Num   s-ul
      885.40571910    2       13.87575390
       25.96704014    2        6.93787690
      -18.90945701    2        2.76707510
    3    Num   p-ul
      320.08390190    2       10.19379260
       26.14876493    2        5.09689620
      -18.90945701    2        2.76707510
    3    Num   d-ul
      115.04484310    2        7.09923846
       13.62257457    2        3.54961923
      -18.90945701    2        2.76707510
Ir  -------------------------------------
   77    iatm
    4    NBlock
    1    Num   f-ul
       21.53103107    2        3.03407192
    3    Num   s-ul
      732.26919980    2       13.65220260
       26.48472087    2        6.82610130
      -21.53103107    2        3.03407192
    3    Num   p-ul
      299.48947360    2       10.27986840
       26.46623354    2        5.13993410
      -21.53103107    2        3.03407192
    3    Num   d-ul
      124.45759450    2        7.34985897
       14.03599518    2        3.67492949
      -21.53103107    2        3.03407192
Pt  -------------------------------------
   78    iatm
    4    NBlock
    1    Num   f-ul
       24.31437573    2        3.30956857
    3    Num   s-ul
      579.22386090    2       13.42865130
       29.66949062    2        6.71432560
      -24.31437573    2        3.30956857
    3    Num   p-ul
      280.86077420    2       10.36594420
       26.74538204    2        5.18297210
      -24.31437573    2        3.30956857
    3    Num   d-ul
      120.39644430    2        7.60047949
       15.81092058    2        3.80023974
      -24.31437573    2        3.30956857
Au  -------------------------------------
   79    iatm
    4    NBlock
    2    Num   f-ul
       30.49008890    2        4.78982000
        5.17107381    2        2.39491000
    4    Num   s-ul
      426.84667920    2       13.20510000
       37.00708285    2        6.60255000
      -30.49008890    2        4.78982000
       -5.17107381    2        2.39491000
    4    Num   p-ul
      261.19958040    2       10.45202000
       26.96249604    2        5.22601000
      -30.49008890    2        4.78982000
       -5.17107381    2        2.39491000
    4    Num   d-ul
      124.79066560    2        7.85110000
       16.30072573    2        3.92555000
      -30.49008890    2        4.78982000
       -5.17107381    2        2.39491000
Hg  -------------------------------------
   80    iatm
    4    NBlock
    1    Num   f-ul
       30.36499643    2        3.88579112
    3    Num   s-ul
      275.73721170    2       12.98154870
       49.08921249    2        6.49077440
      -30.36499643    2        3.88579112
    3    Num   p-ul
      241.54007400    2       10.53809580
       27.39659081    2        5.26904790
      -30.36499643    2        3.88579112
    3    Num   d-ul
      127.86700760    2        8.10172051
       16.60831151    2        4.05086026
      -30.36499643    2        3.88579112
Tl  -------------------------------------
   81    iatm
    4    NBlock
    4    Num   f-ul
       15.82548800    2        5.62639900
       21.10402100    2        5.54895200
        2.91512700    2        2.87494600
        3.89690300    2        2.82145100
    6    Num   s-ul
      281.28466300    2       12.16780500
       62.43425100    2        8.29490900
      -15.82548800    2        5.62639900
      -21.10402100    2        5.54895200
       -2.91512700    2        2.87494600
       -3.89690300    2        2.82145100
    8    Num   p-ul
        4.63340800    2        7.15149200
        9.34175600    2        5.17286500
       72.29925300    2        9.89107200
      144.55803700    2        9.00339100
      -15.82548800    2        5.62639900
      -21.10402100    2        5.54895200
       -2.91512700    2        2.87494600
       -3.89690300    2        2.82145100
    8    Num   d-ul
       35.94303900    2        7.13021800
       53.90959300    2        6.92690600
       10.38193900    2        5.41757000
       15.58382200    2        5.13868100
      -15.82548800    2        5.62639900
      -21.10402100    2        5.54895200
       -2.91512700    2        2.87494600
       -3.89690300    2        2.82145100
Pb  -------------------------------------
   82    iatm
    4    NBlock
    2    Num   f-ul
       12.20989200    2        3.88751200
       16.19029100    2        3.81196300
    4    Num   s-ul
      281.28549900    2       12.29630300
       62.52021700    2        8.63263400
      -12.20989200    2        3.88751200
      -16.19029100    2        3.81196300
    6    Num   p-ul
       72.27689700    2       10.24179000
      144.59108300    2        8.92417600
        4.75869300    2        6.58134200
        9.94062100    2        6.25540300
      -12.20989200    2        3.88751200
      -16.19029100    2        3.81196300
    6    Num   d-ul
       35.84850700    2        7.75433600
       53.72434200    2        7.72028100
       10.11525600    2        4.97026400
       14.83373100    2        4.56378900
      -12.20989200    2        3.88751200
      -16.19029100    2        3.81196300
Bi  -------------------------------------
   83    iatm
    4    NBlock
    2    Num   f-ul
       13.71338300    2        4.21454600
       18.19430800    2        4.13340000
    4    Num   s-ul
      283.26422700    2       13.04309000
       62.47195900    2        8.22168200
      -13.71338300    2        4.21454600
      -18.19430800    2        4.13340000
    6    Num   p-ul
       72.00149900    2       10.46777700
      144.00227700    2        9.11890100
        5.00794500    2        6.75479100
        9.99155000    2        6.25259200
      -13.71338300    2        4.21454600
      -18.19430800    2        4.13340000
    6    Num   d-ul
       36.39625900    2        8.08147400
       54.59766400    2        7.89059500
        9.98429400    2        4.95555600
       14.98148500    2        4.70455900
      -13.71338300    2        4.21454600
      -18.19430800    2        4.13340000
Po  -------------------------------------
   84    iatm
    4    NBlock
    4    Num   f-ul
       17.42829500    2        5.01327000
       23.38035300    2        4.98464000
        0.16339200    2        1.32676000
        0.32456600    2        1.52875800
    6    Num   s-ul
      283.24470600    2       13.27722700
       62.39646100    2        8.39951800
      -17.42829500    2        5.01327000
      -23.38035300    2        4.98464000
       -0.16339200    2        1.32676000
       -0.32456600    2        1.52875800
    8    Num   p-ul
       71.99171600    2       10.66568200
      143.97187100    2        9.28375300
        4.94961500    2        6.87274900
        9.74049900    2        6.32615000
      -17.42829500    2        5.01327000
      -23.38035300    2        4.98464000
       -0.16339200    2        1.32676000
       -0.32456600    2        1.52875800
    8    Num   d-ul
       36.37838300    2        8.21486600
       54.56271500    2        8.00869600
        9.88949900    2        5.05522700
       14.69387700    2        4.78255300
      -17.42829500    2        5.01327000
      -23.38035300    2        4.98464000
       -0.16339200    2        1.32676000
       -0.32456600    2        1.52875800
At  -------------------------------------
   85    iatm
    4    NBlock
    4    Num   f-ul
       19.87019800    2        5.81216300
       26.41645200    2        5.75371500
        0.99497000    2        2.51347200
        1.49070100    2        2.53626100
    7    Num   s-ul
       49.95715800    2       30.20083200
      283.21037100    2       13.61230600
       62.28105200    2        8.52934000
      -19.87019800    2        5.81216300
      -26.41645200    2        5.75371500
       -0.99497000    2        2.51347200
       -1.49070100    2        2.53626100
    8    Num   p-ul
       71.98237100    2       10.85406500
      143.90353200    2        9.46822900
        4.87175900    2        7.03111400
        8.98305900    2        6.14385800
      -19.87019800    2        5.81216300
      -26.41645200    2        5.75371500
       -0.99497000    2        2.51347200
       -1.49070100    2        2.53626100
    8    Num   d-ul
       36.36323700    2        8.31351500
       54.54897000    2        7.99896500
        9.77628500    2        5.17996600
       14.26475500    2        4.94222600
      -19.87019800    2        5.81216300
      -26.41645200    2        5.75371500
       -0.99497000    2        2.51347200
       -1.49070100    2        2.53626100
Rn  -------------------------------------
   86    iatm
    4    NBlock
    4    Num   f-ul
       21.79729000    2        6.34857100
       28.94680500    2        6.29594900
        1.44736500    2        2.88211800
        2.17796400    2        2.90804800
    7    Num   s-ul
       49.96555100    2       30.15124200
      283.07000000    2       14.52124100
       62.00287000    2        8.05203800
      -21.79729000    2        6.34857100
      -28.94680500    2        6.29594900
       -1.44736500    2        2.88211800
       -2.17796400    2        2.90804800
    8    Num   p-ul
       71.96911900    2       11.00994200
      143.86055900    2        9.61762500
        4.71476100    2        7.33600800
        9.01306500    2        6.40625300
      -21.79729000    2        6.34857100
      -28.94680500    2        6.29594900
       -1.44736500    2        2.88211800
       -2.17796400    2        2.90804800
    8    Num   d-ul
       36.36836500    2        8.36922000
       54.55176100    2        8.11697500
        9.63448700    2        5.35365600
       14.38790200    2        5.09721200
      -21.79729000    2        6.34857100
      -28.94680500    2        6.29594900
       -1.44736500    2        2.88211800
       -2.17796400    2        2.90804800
end
