 Amesp ECP library : lanl2dz

Na  -------------------------------------
   11    iatm
    3    NBlock
    5    Num   d-ul
      -10.00000000    1      175.55025900
      -47.49020240    2       35.05167910
      -17.22830070    2        7.90602700
       -6.06377820    2        2.33657190
       -0.72993930    2        0.77998670
    5    Num   s-ul
        3.00000000    0      243.36058460
       36.28476260    1       41.57647590
       72.93048800    2       13.26491670
       23.84011510    2        3.67971650
        6.01238610    2        0.97642090
    6    Num   p-ul
        5.00000000    0     1257.26506800
      117.44956830    1      189.62488100
      423.39867040    2       54.52477590
      109.32472970    2       13.74499550
       31.37016560    2        3.68135790
        7.12418130    2        0.94611060
Mg  -------------------------------------
   12    iatm
    3    NBlock
    5    Num   d-ul
      -10.00000000    1      237.54848040
      -55.89939680    2       47.75203670
      -20.13919570    2       10.78378520
       -7.06791070    2        3.19921240
       -0.81331090    2        1.06369530
    5    Num   s-ul
        3.00000000    0      348.30086310
       44.00756600    1       59.46801330
      107.38613440    2       19.07675820
       35.82890880    2        5.29656130
       10.11434350    2        1.38673730
    6    Num   p-ul
        5.00000000    0     1256.87390800
      117.10536720    1      189.86088390
      420.59720730    2       54.69496310
      107.61229590    2       13.89901370
       29.10025760    2        3.95971810
        7.08755700    2        1.25527870
Al  -------------------------------------
   13    iatm
    3    NBlock
    5    Num   d-ul
      -10.00000000    1      304.72919260
      -63.80798370    2       61.52997680
      -22.89721740    2       13.92590060
       -8.00632320    2        4.14636260
       -0.88293450    2        1.37154430
    5    Num   s-ul
        3.00000000    0      467.84377560
       50.97056820    1       79.39922160
      143.87164600    2       25.40359670
       48.00557530    2        6.99546960
       14.01141800    2        1.78601290
    6    Num   p-ul
        5.00000000    0      776.27171900
       93.05954240    1      118.49922540
      266.76863290    2       34.41072760
       70.07258050    2        8.78595630
       17.22908390    2        2.34062280
        0.71053310    2        0.73983860
Si  -------------------------------------
   14    iatm
    3    NBlock
    5    Num   d-ul
      -10.00000000    1      505.31376930
      -84.92360870    2      103.22210260
      -30.32994100    2       23.45692480
      -12.10490460    2        6.75056930
       -1.89454080    2        2.16031400
    5    Num   s-ul
        3.00000000    0      689.49107190
       60.52068330    1      114.17285100
      201.30861370    2       35.74243360
       65.93997450    2        9.45295860
       19.03007890    2        2.25435900
    6    Num   p-ul
        5.00000000    0       88.93793550
        6.64138170    1       76.77735380
      247.59724160    2       56.14809870
      129.37153800    2       21.18740140
       47.46171070    2        6.82772760
       11.73765740    2        2.10011920
P   -------------------------------------
   15    iatm
    3    NBlock
    5    Num   d-ul
      -10.00000000    1      462.12114230
      -79.48646580    2       93.68637010
      -28.36682510    2       21.23490940
       -9.85775890    2        6.33884150
       -1.01637830    2        2.06206840
    5    Num   s-ul
        3.00000000    0       78.08318230
       12.91041540    1       58.95768100
      150.02502980    2       36.05712550
       71.70831460    2       11.24644530
       23.03970120    2        2.67575610
    6    Num   p-ul
        5.00000000    0       75.16178800
        6.34465070    1       57.45440410
      198.55851040    2       47.94817480
      111.14708200    2       18.45883600
       40.39441440    2        5.94141900
        6.44832330    2        1.84875070
S   -------------------------------------
   16    iatm
    3    NBlock
    5    Num   d-ul
      -10.00000000    1      532.66852220
      -85.35938460    2      108.13422480
      -30.45132900    2       24.56976640
      -10.37458860    2        7.37024380
       -0.98992950    2        2.37125690
    5    Num   s-ul
        3.00000000    0      106.31767810
       10.62840360    1      100.82458330
      223.63604690    2       53.58584720
       93.64608450    2       15.37063320
       28.76090650    2        3.17784020
    6    Num   p-ul
        5.00000000    0      101.97091850
        6.09698420    1       93.28089730
      285.44255000    2       65.14317720
      147.14484130    2       24.63474400
       53.65697780    2        7.81205350
        8.92495590    2        2.31127300
Cl  -------------------------------------
   17    iatm
    3    NBlock
    5    Num   d-ul
      -10.00000000    1       94.81300000
       66.27291700    2      165.64400000
      -28.96859500    2       30.83170000
      -12.86633700    2       10.58410000
       -1.71021700    2        3.77040000
    5    Num   s-ul
        3.00000000    0      128.83910000
       12.85285100    1      120.37860000
      275.67239800    2       63.56220000
      115.67771200    2       18.06950000
       35.06060900    2        3.81420000
    6    Num   p-ul
        5.00000000    0      216.52630000
        7.47948600    1       46.57230000
      613.03200000    2      147.46850000
      280.80068500    2       48.98690000
      107.87882400    2       13.20960000
       15.34395600    2        3.18310000
Ar  -------------------------------------
   18    iatm
    3    NBlock
    5    Num   d-ul
      -10.00000000    1      711.52421750
      -99.06066690    2      144.67086890
      -35.27117670    2       32.92469920
      -11.81519470    2        9.91038770
       -1.04533820    2        3.13289260
    5    Num   s-ul
        3.00000000    0      152.85530330
       11.24656210    1       82.14247920
      250.74128120    2       83.71548000
      139.16065430    2       23.85571610
       41.28979810    2        4.31288230
    6    Num   p-ul
        5.00000000    0      212.55737470
        5.27873580    1      266.48847120
      631.71351660    2      139.92224770
      305.16498090    2       50.10976590
      106.48076150    2       14.55372760
       17.02157650    2        3.48286230
K   -------------------------------------
   19    iatm
    3    NBlock
    5    Num   d-ul
      -10.00000000    1     1067.10815800
     -124.34693060    2      218.41851420
      -43.99374680    2       50.04335020
      -16.59461580    2       14.93745000
       -1.87286860    2        5.09969370
    3    Num   s-ul
        3.00000000    0       16.55039880
       10.48286090    1       19.16415910
       45.45615690    2        4.89106840
    5    Num   p-ul
        5.00000000    0       95.36458550
        5.57483070    1      119.12090620
      309.64931890    2       57.07958150
      125.59518090    2       17.44509100
       23.19776490    2        4.46361310
Ca  -------------------------------------
   20    iatm
    3    NBlock
    5    Num   d-ul
      -10.00000000    1     1270.45438100
     -136.36841900    2      260.24950570
      -48.34036000    2       59.70685010
      -18.51419020    2       17.68181500
       -2.21147400    2        5.96682070
    3    Num   s-ul
        3.00000000    0       18.60299120
       11.72280270    1       21.41389710
       54.21175610    2        5.68518790
    5    Num   p-ul
        5.00000000    0      134.76872330
        5.16393400    1      181.84580040
      442.86860220    2       80.92401320
      175.02559890    2       23.38069930
       28.82174340    2        5.18685640
Sc  -------------------------------------
   21    iatm
    3    NBlock
    3    Num   d-ul
      -10.00000000    1      237.31665280
      -48.96955530    2       42.64890040
       -8.70660440    2       10.62112290
    5    Num   s-ul
        3.00000000    0       69.25523240
       17.05845590    1       58.89534160
      167.95954120    2       27.26374590
      179.83821130    2        5.47373040
     -121.15231440    2        5.15236070
    6    Num   p-ul
        5.00000000    0       77.25129700
        6.10881950    1       44.45271550
      192.93849140    2       53.68547520
      127.22747550    2       18.94211700
       68.09459740    2        4.79705730
      -41.64691080    2        4.41429250
Ti  -------------------------------------
   22    iatm
    3    NBlock
    3    Num   d-ul
      -10.00000000    1      265.32639090
      -51.84278160    2       47.76878150
       -9.14291450    2       11.89033340
    5    Num   s-ul
        3.00000000    0       81.47306960
       19.48255790    1       72.64967240
      207.33492790    2       31.81282130
      235.67445010    2        6.16644680
     -166.87843870    2        5.82683470
    5    Num   p-ul
        5.00000000    0       50.29669430
        5.53488220    1       63.50897540
      177.84193840    2       26.09960840
      107.42071530    2        5.60225730
      -71.90659020    2        5.21710690
V   -------------------------------------
   23    iatm
    3    NBlock
    3    Num   d-ul
      -10.00000000    1      296.44875820
      -54.89098080    2       53.50150520
       -9.70105860    2       13.32045100
    5    Num   s-ul
        3.00000000    0       93.21936540
       22.53456890    1       71.10295670
      216.56340090    2       33.87669930
      252.68225380    2        6.86912000
     -176.26716540    2        6.48047220
    5    Num   p-ul
        5.00000000    0       52.09539770
        5.70035550    1       65.67784110
      182.90542740    2       27.47037640
      117.27562260    2        6.23520200
      -78.58291340    2        5.81399090
Cr  -------------------------------------
   24    iatm
    3    NBlock
    3    Num   d-ul
      -10.00000000    1      329.27205390
      -57.94093980    2       59.54875970
      -10.26232850    2       14.82659660
    5    Num   s-ul
        3.00000000    0      100.02606530
       25.25345990    1       67.84681240
      210.64723660    2       34.67710060
      235.28195870    2        7.67570050
     -152.53434610    2        7.20774270
    5    Num   p-ul
        5.00000000    0       47.97233210
        5.63902660    1       59.62248730
      164.83621980    2       26.04326000
      106.01680180    2        6.55826920
      -69.85854680    2        6.12682360
Mn  -------------------------------------
   25    iatm
    3    NBlock
    3    Num   d-ul
      -10.00000000    1      357.39144690
      -60.29902870    2       64.64773890
      -10.42178340    2       16.09608330
    5    Num   s-ul
        3.00000000    0      107.41272150
       16.25918190    1      111.49589730
      276.93739280    2       46.55683460
      241.31743420    2        8.36881350
     -146.46353290    2        7.72374890
    5    Num   p-ul
        5.00000000    0       80.04151030
        5.75897560    1      105.60436460
      285.29186540    2       40.83004660
      143.42226470    2        8.00984570
      -88.70318510    2        7.33909280
Fe  -------------------------------------
   26    iatm
    3    NBlock
    3    Num   d-ul
      -10.00000000    1      392.61497870
      -63.26675180    2       71.17569790
      -10.96133380    2       17.73202810
    5    Num   s-ul
        3.00000000    0      126.05718950
       18.17291370    1      138.12642510
      339.12311640    2       54.20988580
      317.10680120    2        9.28379660
     -207.34216490    2        8.62890820
    5    Num   p-ul
        5.00000000    0       83.17594900
        5.95359300    1      106.05599380
      294.26655270    2       42.82849370
      154.42446350    2        8.77018050
      -95.31642490    2        8.03978180
Co  -------------------------------------
   27    iatm
    3    NBlock
    3    Num   d-ul
      -10.00000000    1      434.10761040
      -66.72402760    2       78.84027580
      -11.71922430    2       19.60377490
    4    Num   s-ul
        3.00000000    0      151.23075820
       20.15531100    1      169.67900260
      413.37622440    2       64.99094230
      133.87277050    2       12.50762870
    4    Num   p-ul
        5.00000000    0       92.73199240
        6.18923530    1      121.19101830
      326.32159190    2       48.62659090
       73.87889700    2       11.99669710
Ni  -------------------------------------
   28    iatm
    3    NBlock
    3    Num   d-ul
      -10.00000000    1      469.93243310
      -69.40848050    2       85.42364110
      -12.09510200    2       21.26749840
    4    Num   s-ul
        3.00000000    0      162.16860970
       22.02536180    1      176.53332320
      443.01810880    2       68.95620100
      145.56964110    2       13.57928380
    4    Num   p-ul
        5.00000000    0       69.01815060
        4.98828240    1      275.59555960
      256.69458530    2       47.13154530
       78.47544500    2       12.98740750
Cu  -------------------------------------
   29    iatm
    3    NBlock
    3    Num   d-ul
      -10.00000000    1      511.99517630
      -72.55482820    2       93.28010740
      -12.74502310    2       23.22066690
    4    Num   s-ul
        3.00000000    0      173.11808540
       23.83518250    1      185.24198860
      473.89304880    2       73.15178470
      157.63458230    2       14.68841570
    4    Num   p-ul
        5.00000000    0      100.71913690
        6.49909360    1      130.83456650
      351.46053950    2       53.86837200
       85.50160360    2       14.09894690
Zn  -------------------------------------
   30    iatm
    4    NBlock
    5    Num   f-ul
      -18.00000000    1      386.73796600
     -124.35274030    2       72.85873590
      -30.66018220    2       15.90661700
      -10.63589890    2        4.35023400
       -0.76836230    2        1.28421990
    5    Num   s-ul
        3.00000000    0       19.08678580
       22.52342250    1        5.02310800
       48.44659420    2        1.27017440
      -44.55601190    2        1.06712870
       12.99839580    2        0.92641900
    5    Num   p-ul
        5.00000000    0       43.49277500
       20.74355890    1       20.86926690
       90.30271580    2       21.71183780
       74.66103160    2        6.36169150
        9.88944240    2        1.22911950
    3    Num   d-ul
       -4.84903590    2       13.58518000
        3.69133790    2        9.83730500
       -0.50373190    2        0.83731130
Ga  -------------------------------------
   31    iatm
    4    NBlock
    5    Num   f-ul
      -28.00000000    1      260.90511840
     -161.62486340    2       50.42445640
      -49.26597510    2       10.71955200
      -16.93059420    2        3.15639950
       -1.51498930    2        0.95023850
    5    Num   s-ul
        3.00000000    0      339.05759950
       93.85974490    1       95.96252270
      308.64954850    2       30.09893600
       94.72906070    2        7.89070390
       27.09310660    2        2.11542340
    5    Num   p-ul
        5.00000000    0       30.12027080
       22.84953150    1       14.61438250
       43.39749070    2       12.46394330
       48.62039230    2        5.10392190
       14.73654830    2        1.65660330
    5    Num   d-ul
        3.00000000    0       32.27043060
       24.29948340    1       10.94440040
       35.44158130    2        4.51117910
        9.10555750    2        1.55617100
        0.96011210    2        0.55509260
Ge  -------------------------------------
   32    iatm
    4    NBlock
    5    Num   f-ul
      -28.00000000    1      318.21675830
     -180.98916760    2       61.53709670
      -55.00439090    2       13.29868990
      -19.79065260    2        3.89852150
       -1.85335720    2        1.21376660
    5    Num   s-ul
        3.00000000    0      205.18869320
       65.22625580    1       68.97902780
      225.23545220    2       27.91948790
       94.01254720    2        8.54816500
       29.94150050    2        2.31737340
    5    Num   p-ul
        5.00000000    0       33.24880020
       23.47781570    1       15.77772470
       45.09804140    2       14.92607220
       56.33269570    2        5.84163940
       16.60586400    2        1.83495750
    5    Num   d-ul
        3.00000000    0       42.02063430
       23.73715180    1       19.20963630
       56.47922490    2        9.41339170
       25.89018350    2        3.32829070
        3.02298360    2        0.85223310
As  -------------------------------------
   33    iatm
    4    NBlock
    5    Num   f-ul
      -28.00000000    1      375.47488030
     -198.36873570    2       72.65547690
      -60.45637980    2       15.91626770
      -22.31882740    2        4.64202510
       -2.16382900    2        1.47891820
    5    Num   s-ul
        3.00000000    0      105.88538700
       31.84867770    1       62.59518460
      200.99582150    2       34.50174310
      102.63876040    2       10.37585940
       34.18453590    2        2.53793470
    5    Num   p-ul
        5.00000000    0       37.64714400
       24.25057470    1       17.20346650
       48.91749630    2       18.90757090
       66.53322590    2        6.81534520
       19.65776660    2        2.06118530
    5    Num   d-ul
        3.00000000    0       52.07313350
       23.34607120    1       28.00378240
       80.78549190    2       14.70512080
       40.26813470    2        4.79731940
        4.83327900    2        1.10627630
Se  -------------------------------------
   34    iatm
    4    NBlock
    5    Num   f-ul
      -28.00000000    1      433.19313360
     -214.38417620    2       83.89521570
      -65.69187820    2       18.58391390
      -24.61539320    2        5.39552860
       -2.44814970    2        1.74743260
    5    Num   s-ul
        3.00000000    0      202.89861930
       62.02953900    1       78.38204870
      258.85559840    2       35.07530370
      118.78001530    2       10.87695430
       38.23552790    2        2.80059410
    5    Num   p-ul
        5.00000000    0       44.30118750
       24.79734580    1       20.38742060
       63.75756400    2       23.18899480
       79.05128310    2        7.97776640
       22.95201830    2        2.29881460
    5    Num   d-ul
        3.00000000    0       73.36282630
       22.47059070    1       48.38356180
      140.54928870    2       25.62972110
       63.57818350    2        7.17058220
        7.07536140    2        1.36395380
Br  -------------------------------------
   35    iatm
    4    NBlock
    4    Num   f-ul
      -28.00000000    1      213.61439690
     -134.92688520    2       41.05853800
      -41.92719130    2        8.70865300
       -5.93364200    2        2.60746610
    4    Num   s-ul
        3.00000000    0       54.19806820
       27.34306420    1       32.90535580
      118.80288470    2       13.67448900
       43.43548760    2        3.03411520
    5    Num   p-ul
        5.00000000    0       54.25633400
       25.05042520    1       26.00955930
       92.61574630    2       28.20129950
       95.82490160    2        9.43410610
       26.26849830    2        2.53217640
    5    Num   d-ul
        3.00000000    0       87.63287210
       22.55335570    1       61.73733770
      178.12419880    2       32.43851040
       76.99241620    2        8.75371990
        9.48182700    2        1.66331890
Kr  -------------------------------------
   36    iatm
    4    NBlock
    4    Num   f-ul
      -28.00000000    1      237.54708530
     -143.42599550    2       45.74067540
      -44.37238380    2        9.70732370
       -6.29112520    2        2.93207380
    4    Num   s-ul
        3.00000000    0       70.76069180
       37.18936470    1       33.68097450
      132.29739580    2       13.80752810
       47.93469850    2        3.31882540
    5    Num   p-ul
        5.00000000    0       57.76768040
       26.15640080    1       27.67794530
       96.31765010    2       30.47574490
      103.66327940    2       10.36426390
       31.07793150    2        2.84708270
    5    Num   d-ul
        3.00000000    0       85.39022770
       24.43565370    1       36.07819930
       85.72294020    2       38.03876680
       91.69705780    2       10.60698820
       11.83007090    2        1.93901480
Rb  -------------------------------------
   37    iatm
    4    NBlock
    5    Num   f-ul
       -0.03643620    0      879.59836640
      -20.80330520    1      142.01886950
     -115.46619100    2       40.93468820
      -42.50612930    2        9.90848020
       -5.52478890    2        3.15560410
    4    Num   s-ul
        2.97479100    0       70.98072150
       36.11704350    1       38.69498070
      152.27410680    2       15.90820350
       53.71519060    2        3.71526590
    5    Num   p-ul
        4.95510260    0       93.30586840
       24.27262360    1       47.12213700
      215.23414110    2       48.80506400
      151.66876660    2       14.37849490
       33.87502800    2        3.05478070
    4    Num   d-ul
        3.04652240    0       33.04774300
       29.42436240    1        9.96018800
       33.44318080    2        3.74035770
       11.10294600    2        0.81242080
Sr  -------------------------------------
   38    iatm
    4    NBlock
    5    Num   f-ul
       -0.03843230    0      782.38046310
      -20.61742710    1      124.65423380
     -101.17377440    2       36.98749660
      -38.77436030    2        9.88288190
       -4.64792430    2        3.28295880
    4    Num   s-ul
        2.99890220    0       59.32406310
       25.65526690    1       55.20384720
      183.18185330    2       20.46920920
       58.43847390    2        3.95881410
    5    Num   p-ul
        4.95511890    0       92.12019910
       25.44723670    1       46.81325590
      203.80027800    2       48.65664320
      155.05187400    2       14.95032380
       39.36051920    2        3.42687850
    5    Num   d-ul
        3.00564510    0       65.82913010
       26.70641190    1       32.72826210
       74.57569010    2       21.11460300
       63.17421210    2        9.10712920
       20.29611620    2        2.81107540
Y   -------------------------------------
   39    iatm
    4    NBlock
    5    Num   f-ul
       -0.04048170    0      578.43103490
      -20.61943440    1      152.77920040
     -116.75222790    2       44.93015240
      -43.79758060    2       11.45879180
       -5.42476090    2        3.75232670
    4    Num   s-ul
        2.98013390    0       59.47151140
       34.78346760    1       17.21735530
       28.84532460    2       18.47970930
       64.76420880    2        4.32761920
    4    Num   p-ul
        4.98857830    0       45.72710050
       19.65065640    1       49.45958860
      194.09431810    2       18.99523730
       43.13497690    2        3.66031930
    5    Num   d-ul
        3.00666470    0       62.82684350
       25.98792500    1       31.88979040
       85.71728970    2       18.36465720
       48.77925680    2        7.30624000
       11.45351040    2        2.40516350
Zr  -------------------------------------
   40    iatm
    4    NBlock
    5    Num   f-ul
       -0.04258430    0      645.93218730
      -20.22224090    1      134.75474010
     -101.86951720    2       42.30746190
      -41.61957840    2       12.00032270
       -4.69861600    2        4.12604540
    3    Num   s-ul
        2.79105590    0      117.62518620
       41.94894590    1       22.96460890
       67.72718660    2        4.52252980
    4    Num   p-ul
        4.99111440    0       47.19531450
       20.71931720    1       48.03560330
      195.58677580    2       19.45414560
       48.28771760    2        4.05128750
    5    Num   d-ul
        3.00492260    0       79.90739830
       25.93779890    1       45.82637980
      125.12449340    2       26.99035220
       70.76340220    2        9.68357180
       15.04928220    2        2.79956660
Nb  -------------------------------------
   41    iatm
    4    NBlock
    5    Num   f-ul
       -0.04474010    0      342.96384050
      -20.05351000    1      139.93080140
     -103.72440210    2       43.35234050
      -41.04591650    2       12.44485330
       -4.20462190    2        4.32048370
    3    Num   s-ul
        2.79646690    0      112.86306170
       42.88457860    1       22.96786760
       75.18769660    2        4.93406730
    4    Num   p-ul
        4.94618460    0       63.68019630
       24.83163760    1       23.09124290
      137.91832920    2       24.42836470
       50.97784710    2        4.23100900
    5    Num   d-ul
        3.00640590    0       99.33596360
       25.53474580    1       64.05864720
      178.95974520    2       37.08910110
       92.95774900    2       12.07085740
       18.47442560    2        3.15753230
Mo  -------------------------------------
   42    iatm
    4    NBlock
    5    Num   f-ul
       -0.04694920    0      537.96678070
      -20.20800840    1      147.89829380
     -106.21163020    2       45.73588980
      -41.81073680    2       13.29114670
       -4.20541030    2        4.70599610
    3    Num   s-ul
        2.80637170    0      110.29917600
       44.51620120    1       23.20146450
       82.77852270    2        5.35301310
    4    Num   p-ul
        4.94208760    0       63.29013970
       25.86049760    1       23.33153020
      132.47087420    2       24.67594230
       57.31497940    2        4.64930400
    5    Num   d-ul
        3.00545910    0      104.48399770
       26.36378510    1       66.23072450
      183.38491990    2       39.12831760
       98.44530680    2       13.11644370
       22.49013770    2        3.62802630
Tc  -------------------------------------
   43    iatm
    4    NBlock
    5    Num   f-ul
       -0.04921150    0      501.11994090
      -20.14673080    1      150.24688440
     -105.57928800    2       46.70979140
      -41.59011970    2       13.93390140
       -3.94151110    2        4.98540690
    3    Num   s-ul
        2.82223740    0      108.17759950
       46.73307080    1       23.65943510
       90.53186570    2        5.78149770
    4    Num   p-ul
        4.93907820    0       63.30620140
       26.92296310    1       23.69355320
      128.50797960    2       25.05258540
       63.74902500    2        5.07170840
    5    Num   d-ul
        2.99219020    0      102.77213970
       28.18213790    1       45.67137560
       89.05484650    2       48.26119970
      121.18943250    2       15.70891150
       25.58669730    2        3.94845760
Ru  -------------------------------------
   44    iatm
    4    NBlock
    5    Num   f-ul
       -0.05152700    0      554.37963030
      -20.18165360    1      155.10668710
     -105.99669150    2       48.49762630
      -42.21667880    2       14.77015940
       -3.76750240    2        5.20773630
    5    Num   s-ul
        2.95783440    0       66.71180600
       25.37487070    1       77.35036320
      536.12623720    2       18.35714450
     -651.20572210    2       11.84047270
      381.38169430    2        8.11794790
    5    Num   p-ul
        4.96515570    0       54.99379150
       23.88615010    1       13.93992120
      464.46313440    2       15.21182460
     -714.44517880    2       10.54606910
      377.55035940    2        7.55394860
    4    Num   d-ul
        3.03529880    0       60.34445950
       23.29017230    1       45.21003050
      146.09266200    2       19.11900740
       28.91297700    2        4.27120900
Rh  -------------------------------------
   45    iatm
    4    NBlock
    5    Num   f-ul
       -0.05389580    0      600.32430320
      -20.13162820    1      157.69101760
     -105.36541210    2       49.88419950
      -42.32743700    2       15.59668950
       -3.66540430    2        5.50992960
    5    Num   s-ul
        2.97537280    0       59.34425260
       25.12303060    1       83.74260610
      626.09261450    2       18.45302480
     -812.25493850    2       12.41946060
      467.37293400    2        8.81729130
    5    Num   p-ul
        4.95372130    0       53.43090680
       20.48711160    1       65.66718430
      598.01201390    2       16.83698620
     -718.40590280    2       11.30421360
      382.81731510    2        8.03124440
    4    Num   d-ul
        3.02795320    0       64.39936530
       24.75265160    1       43.46250530
      142.68442890    2       19.40203010
       32.14068570    2        4.68793280
Pd  -------------------------------------
   46    iatm
    4    NBlock
    5    Num   f-ul
       -0.05631770    0      598.33364440
      -20.12880360    1      162.42982900
     -105.81979230    2       51.57147710
      -42.57333450    2       16.48882600
       -3.61650860    2        5.82876560
    5    Num   s-ul
        3.00036510    0       73.38063040
       32.43500930    1       14.75504380
      459.08303830    2       17.83502040
     -868.06290290    2       12.71114770
      514.47260980    2        9.32920630
    5    Num   p-ul
        4.95930990    0       55.66898770
       21.17110290    1       64.23377710
      605.05600920    2       17.62549520
     -726.96418460    2       11.90581550
      396.32748830    2        8.51008320
    5    Num   d-ul
        3.05087450    0       49.99947280
       22.25065800    1       39.74775470
      674.83576980    2       11.43213660
    -1040.85540500    2        9.17900800
      505.93751470    2        7.56244290
Ag  -------------------------------------
   47    iatm
    4    NBlock
    5    Num   f-ul
       -0.05879300    0      568.70062370
      -20.11451460    1      162.35790660
     -104.27331140    2       51.10257550
      -40.45397870    2       16.92058220
       -3.44200090    2        6.16695960
    5    Num   s-ul
        2.98615270    0       76.09746580
       35.15764600    1       15.33273590
      450.18099060    2       18.77153450
     -866.02483080    2       13.36632940
      523.11101760    2        9.82369480
    5    Num   p-ul
        4.96406710    0       56.33180430
       21.50282190    1       69.06090980
      546.02754530    2       19.27179980
     -600.38225560    2       12.57706540
      348.29492890    2        8.79566700
    5    Num   d-ul
        3.04674860    0       53.46410780
       23.36567050    1       40.19754570
      777.25401170    2       11.90860730
    -1238.86024200    2        9.75281830
      608.06771210    2        8.17889970
Cd  -------------------------------------
   48    iatm
    4    NBlock
    7    Num   f-ul
       -0.06132140    0      350.07624900
      -24.93555930    1       81.17577780
      -87.77287650    2       24.77478180
      -19.06650300    2       12.57603300
      -16.19012540    2        4.98897120
       -3.94412540    2        1.84499100
       -0.30974760    2        0.53094940
    5    Num   s-ul
        2.90501020    0       54.57861930
       39.62891980    1       16.00823160
       57.44357900    2        5.27674620
       90.23511660    2        0.97310700
      -71.71392360    2        0.93056460
    4    Num   p-ul
        1.95854630    0       41.35817660
       37.56698440    1       12.12149820
       44.08751040    2        3.44788060
       12.56785990    2        0.93621750
    6    Num   d-ul
        2.97534990    0       85.37104990
       24.70543730    1       73.05007810
      218.21631430    2       28.42628870
      118.99453700    2        3.94501580
      -82.49996710    2        3.53493790
       -0.24137580    2        0.64821940
In  -------------------------------------
   49    iatm
    4    NBlock
    5    Num   f-ul
       -0.06390310    0        0.18020710
      -29.90829010    1       33.01765280
      -63.34468240    2        9.72197490
      -19.00584280    2        2.34815780
       -2.51619210    2        0.72268530
    5    Num   s-ul
        3.23016070    0      173.14032280
       76.78091400    1       58.27524310
      245.47707600    2       21.12943040
       79.28927210    2        5.95810610
       26.40894600    2        1.48302720
    5    Num   p-ul
        4.46902900    0       35.94380330
       43.64733990    1       11.24310830
       50.75654060    2        3.53408300
      -48.67300170    2        1.41209370
       58.76926530    2        1.28289470
    5    Num   d-ul
        3.10207700    0       42.62768170
       36.54450900    1       14.56493300
       48.80418080    2        5.55053780
       19.43623610    2        1.83514850
        3.98556470    2        0.52881220
Sn  -------------------------------------
   50    iatm
    4    NBlock
    5    Num   f-ul
       -0.06653800    0        0.21690210
      -29.74694160    1       33.30971820
      -61.83072780    2        9.88468320
      -18.94106340    2        2.50195930
       -2.23849820    2        0.78333230
    5    Num   s-ul
        2.94827770    0      155.60622930
       63.76147180    1       56.51454640
      230.52767880    2       22.65836480
       85.07133140    2        6.58370800
       28.82156440    2        1.59477020
    5    Num   p-ul
        2.69419460    0       40.46667050
       44.82710790    1       13.62184400
       57.62233700    2        4.10926880
      -44.68533120    2        1.50461370
       57.13518150    2        1.36467620
    5    Num   d-ul
        3.02592970    0       60.19150520
       39.53410710    1       20.49611420
       68.46865040    2        8.44383280
       29.11237640    2        2.61037900
        5.84285770    2        0.65013170
Sb  -------------------------------------
   51    iatm
    4    NBlock
    6    Num   f-ul
       -0.06922610    0      227.27235580
      -31.54347120    1       77.14298820
     -115.84073060    2       26.01165010
      -42.02242120    2        9.14211590
      -20.04639380    2        2.92810820
       -2.87960280    2        0.92311360
    5    Num   s-ul
        2.93313030    0      116.00108880
       44.11048190    1       59.67550650
      228.01980500    2       27.61358490
       92.56101620    2        7.80450810
       31.25372440    2        1.69344180
    5    Num   p-ul
        4.99473690    0       27.80507960
       38.02238600    1       10.39296850
       62.05206540    2        3.63810670
      -49.54893890    2        1.98396810
       51.36660000    2        1.55465620
    5    Num   d-ul
        2.97384700    0       83.21830300
       41.64958250    1       30.30705010
      104.59195620    2       13.20141200
       42.31878570    2        3.69616110
        7.94135030    2        0.77111440
Te  -------------------------------------
   52    iatm
    4    NBlock
    6    Num   f-ul
       -0.07196750    0      285.03232920
      -31.37407540    1       75.91057980
     -112.97119960    2       26.18278590
      -41.95991850    2        9.06351410
      -19.12740060    2        2.95432570
       -2.29177780    2        0.91699420
    5    Num   s-ul
        2.92866390    0      188.33275040
       68.96267730    1       68.63069210
      276.96370630    2       27.44021950
      104.47017650    2        7.88352820
       34.83848050    2        1.84433620
    5    Num   p-ul
        4.97321880    0       54.08227950
       38.89836340    1       28.54347140
      137.31392460    2       16.86608570
       69.73703230    2        5.52441760
       22.74871780    2        1.46252250
    5    Num   d-ul
        3.15487780    0       34.53126480
       33.11536490    1       11.26993660
      210.30563180    2        2.27043610
     -321.19637460    2        1.77669920
      152.48530010    2        1.42516660
I   -------------------------------------
   53    iatm
    4    NBlock
    5    Num   f-ul
       -0.07476210    0        1.07157020
      -30.08112240    1       44.19360280
      -75.37227210    2       12.93676090
      -22.05637580    2        3.19564120
       -1.69795850    2        0.85898060
    5    Num   s-ul
        2.93800360    0      127.92026700
       41.24712670    1       78.62114650
      287.86800950    2       36.51462370
      114.37585060    2        9.90656810
       37.65477140    2        1.94200860
    5    Num   p-ul
        2.22226300    0       13.00353040
       39.40908310    1       76.03314040
      177.40750020    2       24.19616840
       77.98894620    2        6.40534330
       25.75476410    2        1.58517860
    5    Num   d-ul
        7.05243600    0       40.42781080
       33.30416350    1       28.90843750
      186.94538750    2       15.62689360
       71.96883610    2        4.14428560
        9.36306570    2        0.93772350
Xe  -------------------------------------
   54    iatm
    4    NBlock
    6    Num   f-ul
       -0.07760990    0      442.51383130
      -32.43329530    1      106.00055340
     -151.08533510    2       32.61237430
      -46.49776260    2        9.47396670
      -17.80809900    2        3.11471950
       -1.64811630    2        0.91944720
    5    Num   s-ul
        2.91703080    0      148.74007240
       52.06206440    1       74.76874360
      293.28656720    2       34.15484130
      122.86103730    2        9.68996750
       41.68672770    2        2.10659470
    5    Num   p-ul
        2.09685150    0        8.14951570
       30.02204240    1      113.92356400
      172.87576360    2       35.12664310
       67.76098410    2        8.14495790
       29.89709130    2        1.71871380
    5    Num   d-ul
        7.04149350    0       49.45183840
       33.33917440    1       38.94809180
      249.28930770    2       20.01615980
       89.35761660    2        5.06149040
       11.62063240    2        1.06729630
Cs  -------------------------------------
   55    iatm
    4    NBlock
    6    Num   f-ul
       -0.08051090    0      636.78401300
      -33.43114480    1      147.89124460
     -193.92708870    2       42.57249110
      -56.83014330    2       11.24278830
      -18.65049750    2        3.56897070
       -2.54113990    2        1.31074620
    3    Num   s-ul
        3.04999340    0       40.86480700
       37.96775140    1       10.93293290
       45.23406730    2        2.22949030
    4    Num   p-ul
        4.64069510    0      118.85981710
       62.03135330    1       30.68479580
      129.59094810    2       10.17629990
       31.51868250    2        1.82728500
    4    Num   d-ul
        7.30544730    0       16.00817040
       33.27857600    1        2.64882910
       53.12969480    2       14.55556720
       16.21188780    2        0.67036040
Ba  -------------------------------------
   56    iatm
    4    NBlock
    6    Num   f-ul
       -0.08346520    0      620.96904880
      -33.32576710    1      146.36488260
     -190.86072320    2       42.32071140
      -55.19841720    2       11.21351510
      -18.02363400    2        3.69638910
       -2.19782810    2        1.31695020
    4    Num   s-ul
        2.81311600    0      140.36692000
       55.30506260    1       39.14365470
      149.55134020    2       12.95534930
       50.50785530    2        2.43087510
    5    Num   p-ul
        4.91918120    0       99.49222610
       39.38720750    1       68.27113090
      335.07535840    2       36.15181810
      131.25351530    2       10.10515370
       36.31750250    2        2.02326480
    5    Num   d-ul
        2.97641400    0       95.27525360
       46.05711410    1       34.66046080
      117.16585880    2       15.48910400
       54.01308150    2        5.00158950
       15.57849060    2        1.32362660
La  -------------------------------------
   57    iatm
    4    NBlock
    6    Num   f-ul
       -0.08647270    0      740.91660340
      -33.51688030    1      146.65714990
     -189.07098290    2       42.35854130
      -54.24643670    2       11.16475000
      -17.13513420    2        3.75563430
       -1.80921850    2        1.28718270
    4    Num   s-ul
        2.88949430    0      125.68626650
       61.95215920    1       37.57689550
      164.80744900    2       12.69548690
       55.69546090    2        2.62760820
    4    Num   p-ul
        4.59784120    0      179.17822470
       71.67197360    1       42.61956610
      175.89658960    2       13.41359570
       37.91364040    2        2.09503920
    5    Num   d-ul
        2.97054960    0      104.76820640
       46.52399460    1       40.19303400
      137.40781760    2       18.50507980
       63.49451830    2        5.80511850
       18.09986540    2        1.45832200
Hf  -------------------------------------
   72    iatm
    5    NBlock
    6    Num   g-ul
      -60.00000000    1      685.55029310
     -588.49806640    2      151.80804850
     -199.77488200    2       38.05220990
      -77.23651210    2       10.20575440
      -14.65325960    2        3.43762870
       -0.67622040    2        0.89975390
    7    Num   s-ul
        3.00000000    0      380.10967250
       31.33955320    1      724.62345050
     1251.68661400    2      281.47646030
      700.89001060    2       89.35909880
      266.04458450    2       22.97657730
      465.01961550    2        3.67000350
     -369.54045680    2        3.47030000
    5    Num   p-ul
        2.00000000    0      228.31357710
       60.27769720    1       64.08784470
      192.21749830    2       20.51392890
      339.64600890    2        3.16437360
     -266.10665430    2        2.98809240
    5    Num   d-ul
        3.00000000    0      143.71023990
       54.65767600    1       63.18591700
      217.58114270    2       32.02274490
      125.13630840    2       10.76749220
       37.62031950    2        3.10032600
    5    Num   f-ul
        4.00000000    0       85.03958530
       49.63583930    1       41.81988200
      178.46572220    2       19.65249670
       82.00771730    2        6.07771200
        6.30639430    2        1.47766930
Ta  -------------------------------------
   73    iatm
    5    NBlock
    6    Num   g-ul
      -60.00000000    1      768.22675330
     -629.71293130    2      173.59402180
     -221.17505030    2       43.70422680
      -83.47696830    2       11.61813190
      -17.83702750    2        4.03146180
       -0.81606090    2        1.09053780
    7    Num   s-ul
        3.00000000    0      365.41115590
       33.97989850    1      697.13009150
     1242.57762400    2      271.78103790
      706.16638840    2       87.30742630
      276.24645630    2       22.74923390
      513.22831320    2        3.86800820
     -412.96019160    2        3.67188910
    5    Num   p-ul
        2.00000000    0      228.21073670
       61.81741630    1       62.61854620
      194.49754790    2       19.64656700
      307.83466710    2        3.36515590
     -230.63463810    2        3.14972360
    5    Num   d-ul
        3.00000000    0      151.27555540
       55.26709780    1       67.97949110
      236.29575450    2       34.74747060
      134.47550720    2       11.56564250
       41.14011830    2        3.29301480
    5    Num   f-ul
        4.00000000    0       82.83680290
       50.75337600    1       38.07198720
      162.03128770    2       17.45470340
       72.06192980    2        5.67859310
        6.00098950    2        1.58140410
W   -------------------------------------
   74    iatm
    5    NBlock
    6    Num   g-ul
      -60.00000000    1      839.44891200
     -664.19879200    2      192.85324820
     -238.61436510    2       48.66519740
      -88.41924070    2       12.92217270
      -20.60623260    2        4.57488900
       -0.92837920    2        1.26817960
    7    Num   s-ul
        3.00000000    0      313.42675180
       39.11929670    1      699.31554620
     1180.96929700    2      259.89237410
      728.95642100    2       85.49999800
      293.55911400    2       22.76359250
      562.67314930    2        4.07643170
     -457.38071850    2        3.88271620
    5    Num   p-ul
        2.00000000    0      224.39264240
       63.89483930    1       61.67369310
      205.89018370    2       19.14690430
      312.14271530    2        3.55657100
     -231.39612810    2        3.32632100
    5    Num   d-ul
        3.00000000    0      161.52789580
       55.33152560    1       75.58146070
      267.19766530    2       38.91158520
      146.84855780    2       12.54262710
       44.10552430    2        3.46151870
    5    Num   f-ul
        4.00000000    0       91.21027270
       50.30655230    1       45.41527560
      190.73630980    2       22.04529670
       91.76055520    2        6.98104130
        8.42473120    2        1.83804800
Re  -------------------------------------
   75    iatm
    5    NBlock
    6    Num   g-ul
       -0.14971040    1     1833.81438400
    -1669.25557800    2      414.05894560
     -346.66611290    2       59.03495400
      -96.66848920    2       11.91770940
      -11.07385670    2        3.65317640
       -0.57985520    2        1.27641840
    7    Num   s-ul
        3.14971040    0      247.00230850
       45.29699690    1      631.71957670
     1116.42795800    2      249.28004410
      793.64190650    2       84.29473150
      318.20991930    2       23.04079120
      586.31050250    2        4.29971110
     -475.69041640    2        4.09743900
    5    Num   p-ul
        2.14971040    0      193.68977260
       64.22957360    1       56.93083940
      218.85046070    2       18.72276020
      344.41891680    2        3.73400200
     -260.47272670    2        3.51274830
    5    Num   d-ul
        3.14971040    0      126.23408240
       46.57148680    1       80.70908260
      304.38345950    2       42.55297140
      157.15896520    2       13.40744940
       48.57012110    2        3.69042280
    5    Num   f-ul
        3.95696100    0      112.77864590
       52.35867810    1       56.78159680
      236.03408240    2       28.58319660
      116.57872660    2        8.57341580
       11.10505300    2        2.08927210
Os  -------------------------------------
   76    iatm
    5    NBlock
    5    Num   g-ul
       -0.15372930    1      848.87432920
    -1642.96955400    2      400.46400040
     -336.79545670    2       58.03594660
      -94.98390270    2       12.04546820
      -10.35162180    2        3.44425120
    6    Num   s-ul
        3.15372930    0      216.26722490
       25.99482330    1      343.85820980
      859.48657560    2      136.05236060
      380.13765040    2       35.03894570
      242.70106660    2        4.47244520
     -125.17531070    2        3.76751190
    5    Num   p-ul
        2.15372930    0      326.06001340
       62.86842750    1       95.63302060
      293.13229870    2       32.52610430
      264.46483880    2        3.76997300
     -172.64203140    2        3.38958590
    5    Num   d-ul
        3.15372930    0      131.03199290
       45.33992000    1       89.24649030
      335.85750320    2       46.39769800
      166.30374570    2       14.18660530
       49.02378250    2        3.76688430
    5    Num   f-ul
        3.95579820    0      134.73681480
       51.95219570    1       73.87713180
      314.25558660    2       38.10304250
      147.18398940    2       10.53376950
       13.96229470    2        2.33382460
Ir  -------------------------------------
   77    iatm
    5    NBlock
    5    Num   g-ul
       -0.15780140    1      823.58801470
    -1517.52704500    2      364.66133360
     -316.53065290    2       55.70828010
      -91.88809410    2       12.04645440
       -9.22417730    2        3.51206100
    6    Num   s-ul
        3.15780140    0      188.04907700
       26.83225770    1      340.41947120
      800.42500070    2      128.23736730
      369.40506830    2       33.86449610
      242.41718990    2        4.75600050
     -118.21732820    2        3.96499740
    5    Num   p-ul
        2.15780140    0      289.72911390
       61.96786100    1       87.46337890
      269.05819860    2       30.43637660
      231.16547930    2        4.05534120
     -133.69526670    2        3.55253410
    5    Num   d-ul
        3.15780140    0      136.40171060
       45.93498030    1       95.07769250
      359.03446680    2       49.22584100
      176.47401190    2       15.08741450
       54.51552860    2        4.04057640
    5    Num   f-ul
        3.95461970    0      127.35079080
       52.97736550    1       66.23643740
      274.86433830    2       34.42992290
      137.20473380    2       10.19957210
       14.86333050    2        2.54097020
Pt  -------------------------------------
   78    iatm
    5    NBlock
    5    Num   g-ul
       -0.16192680    1      728.93940560
    -1320.28738500    2      320.65678000
     -298.31781350    2       52.86801740
      -87.58370650    2       12.02801280
       -8.14932740    2        3.52389130
    6    Num   s-ul
        2.73342180    0      409.44373580
       59.70243290    1      274.54192310
      891.45895500    2      127.56585700
      368.44676560    2       32.90366310
      238.02630900    2        5.05938800
     -107.05564540    2        4.15065560
    4    Num   p-ul
        1.88785680    0      466.17288920
       76.01386290    1      120.78882590
      343.55111160    2       36.41187910
      119.49117860    2        5.69854080
    5    Num   d-ul
        2.93436780    0      249.56507630
       59.33065710    1      126.66785850
      452.44451940    2       63.14305860
      210.47694790    2       17.90594700
       58.62541120    2        4.22393730
    5    Num   f-ul
        3.95342530    0      121.81587990
       53.85551820    1       60.87570300
      247.43051330    2       31.47671470
      127.81879760    2        9.88117510
       15.37720460    2        2.73198740
Au  -------------------------------------
   79    iatm
    5    NBlock
    5    Num   g-ul
      -60.00000000    1      622.62879560
     -555.52923120    2      136.28436070
     -168.00197850    2       33.15497810
      -63.03998750    2        9.98948950
       -4.25166810    2        3.04813120
    6    Num   s-ul
        3.00000000    0      194.73743040
       38.60208800    1      351.53274470
      864.83707270    2      122.32704020
      374.99355200    2       32.09146170
      289.79101000    2        5.24518120
     -152.45327730    2        4.49162230
    4    Num   p-ul
        2.00000000    0      420.61588010
       73.88856250    1      109.44178150
      326.67298720    2       34.17142800
      126.58145910    2        5.98797500
    5    Num   d-ul
        3.00000000    0      219.26661580
       55.67931490    1      122.72977860
      449.19873350    2       63.10633690
      215.02690910    2       18.36845200
       64.08409950    2        4.49728440
    5    Num   f-ul
        4.00000000    0      108.55060370
       51.80653350    1       56.47955270
      231.21831130    2       29.20691590
      119.00473860    2        9.54405430
       15.34241880    2        2.89651180
Hg  -------------------------------------
   80    iatm
    5    NBlock
    6    Num   g-ul
       -0.17033720    0      318.34603850
      -24.51896760    1       95.61871910
      -28.23053280    1       17.56526310
      -50.21602170    2        8.63367960
      -13.83255340    2        3.00255150
       -1.39772610    2        1.10048270
    5    Num   s-ul
        2.74404210    0      180.00820180
       68.86713430    1       60.97820630
      246.80060730    2       22.94446680
       97.78642060    2        6.86814570
       26.54658940    2        1.33452310
    6    Num   p-ul
        1.94465250    0      260.54813650
       64.93158220    1       89.57289590
      272.35217900    2       37.14614410
      138.57944260    2       12.49603590
       41.21581990    2        3.78334750
       15.17127560    2        0.90419930
    6    Num   d-ul
        3.11534930    0       72.05862320
       44.55802170    1       53.87687380
      230.25883070    2       19.65569890
       98.52711560    2        3.43867340
      -43.37189370    2        2.75520720
       -0.32608800    2        0.49232620
    6    Num   f-ul
        4.00272490    0       86.90084810
       53.96002200    1       31.38448090
       25.27560260    2       33.56833190
      145.91842280    2       10.60469570
       11.76376360    2        2.21212300
       -0.67597360    2        0.76705000
Tl  -------------------------------------
   81    iatm
    5    NBlock
    6    Num   g-ul
       -0.17462220    0      373.79107830
      -24.58580570    1       99.02220440
      -28.52147190    1       17.68446400
      -47.99773480    2        8.62812210
      -13.17333370    2        3.03538770
       -1.19725290    2        1.11919500
    5    Num   s-ul
        2.79607470    0      169.88123650
       74.90627310    1       58.24349580
      264.33238230    2       21.72814840
      102.34276830    2        6.63592510
       30.30545820    2        1.46159730
    6    Num   p-ul
        1.97192440    0      248.94388090
       70.03684480    1       84.66014140
      286.76457660    2       33.96741090
      141.40036470    2       11.52391040
       45.04901300    2        3.53543580
       16.46553170    2        0.95129150
    6    Num   d-ul
        3.07251150    0       86.20368290
       43.18096030    1       76.02805580
      302.76964840    2       26.28467640
      116.30419710    2        3.31910970
      -59.30664490    2        2.70093680
       -0.24625940    2        0.54921050
    6    Num   f-ul
        3.98881610    0      115.94616750
       54.44811860    1       43.74439880
       89.87560160    2       46.49372310
      187.37447880    2       13.28489990
       15.35529270    2        2.53470970
       -0.64393030    2        0.76705000
Pb  -------------------------------------
   82    iatm
    5    NBlock
    6    Num   g-ul
       -0.17896050    0      376.58037860
      -54.39723370    1       86.48400140
     -199.70617590    2       26.67842760
      -79.12239410    2        9.42619860
      -24.98690200    2        2.71017190
       -4.43979390    2        0.87920310
    6    Num   s-ul
        2.81153860    0      132.42487960
       65.03672050    1       47.23760440
      212.78685450    2       17.63127270
       72.10531750    2        5.47447120
       33.01409400    2        1.26348560
       -5.77084610    2        0.76514470
    6    Num   p-ul
        4.87549110    0       67.89664540
       63.91481020    1       24.98982250
      148.10643580    2       10.70529390
       47.31063010    2        3.27925680
       21.03067020    2        0.84525220
       -7.09307720    2        0.64162450
    6    Num   d-ul
        3.21613880    0       68.83360050
       55.73860860    1       24.28158740
      121.41683510    2        9.45327620
       19.34560640    2        2.47881850
       15.36751680    2        2.47891610
        6.12987240    2        0.55517380
    6    Num   f-ul
        4.13536820    0      128.10213220
       67.51284460    1       54.80291540
      258.73731070    2       24.55293080
      113.24782640    2        8.11447920
       34.16802010    2        1.69312900
       -6.55319560    2        0.76705000
Bi  -------------------------------------
   83    iatm
    5    NBlock
    6    Num   g-ul
       -0.18335200    0      223.30919710
      -53.33894920    1       86.46992160
     -201.91178410    2       26.84922030
      -76.31152950    2        9.38236220
      -24.25784680    2        2.76147080
       -4.03197000    2        0.94239230
    6    Num   s-ul
        2.79165100    0      155.97839140
       71.85538170    1       54.45911390
      252.43274440    2       20.17945580
       89.60451090    2        6.12731040
       61.17441360    2        1.18059830
      -33.04719060    2        0.99324640
    6    Num   p-ul
        4.84629140    0       74.50913860
       65.68833960    1       28.04876470
      166.26196730    2       12.01685080
       54.13933290    2        3.69143270
       28.62048800    2        0.90808240
      -12.34522040    2        0.73946170
    6    Num   d-ul
        3.21838320    0       68.08566790
       54.89526810    1       23.72503550
      116.55407080    2        9.24370530
       69.07606620    2        1.84522920
      -72.64108700    2        1.22098590
       38.94000550    2        0.87408610
    6    Num   f-ul
        3.98640750    0      134.35389830
       63.02620780    1       51.58127970
       92.52599590    2       54.93072840
      240.99736720    2       17.04753460
       62.18445770    2        3.77028240
       -1.72511340    2        0.76705000
end
