 Amesp basis library : 6-31G

H   ------------------------------------
    1    iatm
    2    NShl
    0    Moment
    3    num
       18.7311369600        0.0334946043
        2.8253943650        0.2347269535
        0.6401216923        0.8137573261
    0    Moment
    1    num
        0.1612777588        1.0000000000
He  ------------------------------------
    2    iatm
    2    NShl
    0    Moment
    3    num
       38.4216340000        0.0401397394
        5.7780300000        0.2612460970
        1.2417740000        0.7931846246
    0    Moment
    1    num
        0.2979640000        1.0000000000
Li  ------------------------------------
    3    iatm
    5    NShl
    0    Moment
    6    num
      642.4189150000        0.0021426078
       96.7985153000        0.0162088715
       22.0911212000        0.0773155725
        6.2010702500        0.2457860520
        1.9351176800        0.4701890040
        0.6367357890        0.3454708450
    0    Moment
    3    num
        2.3249184080       -0.0350917457
        0.6324303556       -0.1912328431
        0.0790534347        1.0839877950
    1    Moment
    3    num
        2.3249184080        0.0089415080
        0.6324303556        0.1410094640
        0.0790534347        0.9453636953
    0    Moment
    1    num
        0.0359619718        1.0000000000
    1    Moment
    1    num
        0.0359619718        1.0000000000
Be  ------------------------------------
    4    iatm
    5    NShl
    0    Moment
    6    num
     1264.5856900000        0.0019447576
      189.9368060000        0.0148350520
       43.1590890000        0.0720905463
       12.0986627000        0.2371541500
        3.8063232200        0.4691986519
        1.2728903000        0.3565202279
    0    Moment
    3    num
        3.1964630980       -0.1126487285
        0.7478133038       -0.2295064079
        0.2199663302        1.1869167640
    1    Moment
    3    num
        3.1964630980        0.0559801998
        0.7478133038        0.2615506110
        0.2199663302        0.7939723389
    0    Moment
    1    num
        0.0823099007        1.0000000000
    1    Moment
    1    num
        0.0823099007        1.0000000000
B   ------------------------------------
    5    iatm
    5    NShl
    0    Moment
    6    num
     2068.8822500000        0.0018662746
      310.6495700000        0.0142514817
       70.6830330000        0.0695516185
       19.8610803000        0.2325729330
        6.2993048400        0.4670787120
        2.1270269700        0.3634314400
    0    Moment
    3    num
        4.7279710710       -0.1303937974
        1.1903377360       -0.1307889514
        0.3594116829        1.1309444840
    1    Moment
    3    num
        4.7279710710        0.0745975799
        1.1903377360        0.3078466771
        0.3594116829        0.7434568342
    0    Moment
    1    num
        0.1267512469        1.0000000000
    1    Moment
    1    num
        0.1267512469        1.0000000000
C   ------------------------------------
    6    iatm
    5    NShl
    0    Moment
    6    num
     3047.5248800000        0.0018347371
      457.3695180000        0.0140373228
      103.9486850000        0.0688426223
       29.2101553000        0.2321844432
        9.2866629600        0.4679413484
        3.1639269600        0.3623119853
    0    Moment
    3    num
        7.8682723500       -0.1193324198
        1.8812885400       -0.1608541517
        0.5442492580        1.1434564380
    1    Moment
    3    num
        7.8682723500        0.0689990666
        1.8812885400        0.3164239610
        0.5442492580        0.7443082909
    0    Moment
    1    num
        0.1687144782        1.0000000000
    1    Moment
    1    num
        0.1687144782        1.0000000000
N   ------------------------------------
    7    iatm
    5    NShl
    0    Moment
    6    num
     4173.5114600000        0.0018347722
      627.4579110000        0.0139946270
      142.9020930000        0.0685865518
       40.2343293000        0.2322408730
       12.8202129000        0.4690699481
        4.3904370100        0.3604551991
    0    Moment
    3    num
       11.6263618600       -0.1149611817
        2.7162798070       -0.1691174786
        0.7722183966        1.1458519470
    1    Moment
    3    num
       11.6263618600        0.0675797439
        2.7162798070        0.3239072959
        0.7722183966        0.7408951398
    0    Moment
    1    num
        0.2120314975        1.0000000000
    1    Moment
    1    num
        0.2120314975        1.0000000000
O   ------------------------------------
    8    iatm
    5    NShl
    0    Moment
    6    num
     5484.6716600000        0.0018310744
      825.2349460000        0.0139501722
      188.0469580000        0.0684450781
       52.9645000000        0.2327143360
       16.8975704000        0.4701928980
        5.7996353400        0.3585208530
    0    Moment
    3    num
       15.5396162500       -0.1107775495
        3.5999335860       -0.1480262627
        1.0137617500        1.1307670150
    1    Moment
    3    num
       15.5396162500        0.0708742682
        3.5999335860        0.3397528391
        1.0137617500        0.7271585773
    0    Moment
    1    num
        0.2700058226        1.0000000000
    1    Moment
    1    num
        0.2700058226        1.0000000000
F   ------------------------------------
    9    iatm
    5    NShl
    0    Moment
    6    num
     7001.7130900000        0.0018196169
     1051.3660900000        0.0139160796
      239.2856900000        0.0684053245
       67.3974453000        0.2331857601
       21.5199573000        0.4712674392
        7.4031013000        0.3566185462
    0    Moment
    3    num
       20.8479528000       -0.1085069751
        4.8083083400       -0.1464516581
        1.3440698600        1.1286885810
    1    Moment
    3    num
       20.8479528000        0.0716287242
        4.8083083400        0.3459121027
        1.3440698600        0.7224699564
    0    Moment
    1    num
        0.3581513930        1.0000000000
    1    Moment
    1    num
        0.3581513930        1.0000000000
Ne  ------------------------------------
   10    iatm
    5    NShl
    0    Moment
    6    num
     8425.8515300000        0.0018843480
     1268.5194000000        0.0143368994
      289.6214140000        0.0701096233
       81.8590040000        0.2373732660
       26.2515079000        0.4730071261
        9.0947205100        0.3484012410
    0    Moment
    3    num
       26.5321310000       -0.1071182872
        6.1017550100       -0.1461638213
        1.6962715300        1.1277735030
    1    Moment
    3    num
       26.5321310000        0.0719095885
        6.1017550100        0.3495133720
        1.6962715300        0.7199405121
    0    Moment
    1    num
        0.4458187000        1.0000000000
    1    Moment
    1    num
        0.4458187000        1.0000000000
Na  ------------------------------------
   11    iatm
    7    NShl
    0    Moment
    6    num
     9993.2000000000        0.0019376593
     1499.8900000000        0.0148069945
      341.9510000000        0.0727054729
       94.6796000000        0.2526289058
       29.7345000000        0.4932418160
       10.0063000000        0.3131688832
    0    Moment
    6    num
      150.9630000000       -0.0035420835
       35.5878000000       -0.0439588435
       11.1683000000       -0.1097521086
        3.9020100000        0.1873981854
        1.3817700000        0.6466996397
        0.4663820000        0.3060583027
    1    Moment
    6    num
      150.9630000000        0.0050016597
       35.5878000000        0.0355108979
       11.1683000000        0.1428249917
        3.9020100000        0.3386199803
        1.3817700000        0.4515789738
        0.4663820000        0.2732709841
    0    Moment
    3    num
        0.4979660000       -0.2485031593
        0.0843529000       -0.1317040844
        0.0666350000        1.2335207910
    1    Moment
    3    num
        0.4979660000       -0.0230225004
        0.0843529000        0.9503590176
        0.0666350000        0.0598579011
    0    Moment
    1    num
        0.0259544000        1.0000000000
    1    Moment
    1    num
        0.0259544000        1.0000000000
Mg  ------------------------------------
   12    iatm
    7    NShl
    0    Moment
    6    num
    11722.8000000000        0.0019778293
     1759.9300000000        0.0151139948
      400.8460000000        0.0739107745
      112.8070000000        0.2491909140
       35.9997000000        0.4879278316
       12.1828000000        0.3196618896
    0    Moment
    6    num
      189.1800000000       -0.0032371705
       45.2119000000       -0.0410079060
       14.3563000000       -0.1126000164
        5.1388600000        0.1486330216
        1.9065200000        0.6164970898
        0.7058870000        0.3648290531
    1    Moment
    6    num
      189.1800000000        0.0049281299
       45.2119000000        0.0349887994
       14.3563000000        0.1407249977
        5.1388600000        0.3336419947
        1.9065200000        0.4449399929
        0.7058870000        0.2692539957
    0    Moment
    3    num
        0.9293400000       -0.2122908985
        0.2690350000       -0.1079854570
        0.1173790000        1.1758449770
    1    Moment
    3    num
        0.9293400000       -0.0224191812
        0.2690350000        0.1922708390
        0.1173790000        0.8461802916
    0    Moment
    1    num
        0.0421061000        1.0000000000
    1    Moment
    1    num
        0.0421061000        1.0000000000
Al  ------------------------------------
   13    iatm
    7    NShl
    0    Moment
    6    num
    13983.1000000000        0.0019426699
     2098.7500000000        0.0148598996
      477.7050000000        0.0728493980
      134.3600000000        0.2468299932
       42.8709000000        0.4872579866
       14.5189000000        0.3234959911
    0    Moment
    6    num
      239.6680000000       -0.0029261900
       57.4419000000       -0.0374083004
       18.2859000000       -0.1144870011
        6.5991400000        0.1156350011
        2.4904900000        0.6125950058
        0.9445450000        0.3937990037
    1    Moment
    6    num
      239.6680000000        0.0046028456
       57.4419000000        0.0331989681
       18.2859000000        0.1362818692
        6.5991400000        0.3304756828
        2.4904900000        0.4491455689
        0.9445450000        0.2657037450
    0    Moment
    3    num
        1.2779000000       -0.2276069245
        0.3975900000        0.0014458359
        0.1600950000        1.0927944390
    1    Moment
    3    num
        1.2779000000       -0.0175126019
        0.3975900000        0.2445330264
        0.1600950000        0.8049340867
    0    Moment
    1    num
        0.0556577000        1.0000000000
    1    Moment
    1    num
        0.0556577000        1.0000000000
Si  ------------------------------------
   14    iatm
    7    NShl
    0    Moment
    6    num
    16115.9000000000        0.0019594802
     2425.5800000000        0.0149288016
      553.8670000000        0.0728478080
      156.3400000000        0.2461300271
       50.0683000000        0.4859140535
       17.0178000000        0.3250020358
    0    Moment
    6    num
      292.7180000000       -0.0027809414
       69.8731000000       -0.0357146182
       22.3363000000       -0.1149850585
        8.1503900000        0.0935634476
        3.1345800000        0.6030173068
        1.2254300000        0.4189592131
    1    Moment
    6    num
      292.7180000000        0.0044382645
       69.8731000000        0.0326679333
       22.3363000000        0.1347211372
        8.1503900000        0.3286783348
        3.1345800000        0.4496404580
        1.2254300000        0.2613722662
    0    Moment
    3    num
        1.7273800000       -0.2446310042
        0.5729220000        0.0043157377
        0.2221920000        1.0981845080
    1    Moment
    3    num
        1.7273800000       -0.0177951060
        0.5729220000        0.2535390863
        0.2221920000        0.8006692724
    0    Moment
    1    num
        0.0778369000        1.0000000000
    1    Moment
    1    num
        0.0778369000        1.0000000000
P   ------------------------------------
   15    iatm
    7    NShl
    0    Moment
    6    num
    19413.3000000000        0.0018515989
     2909.4200000000        0.0142061917
      661.3640000000        0.0699994593
      185.7590000000        0.2400788603
       59.1943000000        0.4847617180
       20.0310000000        0.3351998050
    0    Moment
    6    num
      339.4780000000       -0.0027821701
       81.0101000000       -0.0360499014
       25.8780000000       -0.1166310044
        9.4522100000        0.0968328036
        3.6656600000        0.6144180231
        1.4674600000        0.4037980152
    1    Moment
    6    num
      339.4780000000        0.0045646162
       81.0101000000        0.0336935719
       25.8780000000        0.1397548834
        9.4522100000        0.3393617168
        3.6656600000        0.4509206237
        1.4674600000        0.2385858009
    0    Moment
    3    num
        2.1562300000       -0.2529241139
        0.7489970000        0.0328518447
        0.2831450000        1.0812547620
    1    Moment
    3    num
        2.1562300000       -0.0177653127
        0.7489970000        0.2740581964
        0.2831450000        0.7854215630
    0    Moment
    1    num
        0.0998317000        1.0000000000
    1    Moment
    1    num
        0.0998317000        1.0000000000
S   ------------------------------------
   16    iatm
    7    NShl
    0    Moment
    6    num
    21917.1000000000        0.0018692408
     3301.4900000000        0.0142303065
      754.1460000000        0.0696962317
      212.7110000000        0.2384871083
       67.9896000000        0.4833072195
       23.0515000000        0.3380741536
    0    Moment
    6    num
      423.7350000000       -0.0023767705
      100.7100000000       -0.0316930067
       32.1599000000       -0.1133170238
       11.8079000000        0.0560900118
        4.6311000000        0.5922551243
        1.8702500000        0.4550060955
    1    Moment
    6    num
      423.7350000000        0.0040610100
      100.7100000000        0.0306812999
       32.1599000000        0.1304519994
       11.8079000000        0.3272049985
        4.6311000000        0.4528509980
        1.8702500000        0.2560419989
    0    Moment
    3    num
        2.6158400000       -0.2503731142
        0.9221670000        0.0669567631
        0.3412870000        1.0545062690
    1    Moment
    3    num
        2.6158400000       -0.0145104896
        0.9221670000        0.3102627765
        0.3412870000        0.7544824565
    0    Moment
    1    num
        0.1171670000        1.0000000000
    1    Moment
    1    num
        0.1171670000        1.0000000000
Cl  ------------------------------------
   17    iatm
    7    NShl
    0    Moment
    6    num
    25180.1000000000        0.0018329598
     3780.3500000000        0.0140341988
      860.4740000000        0.0690973943
      242.1450000000        0.2374519803
       77.3349000000        0.4830339599
       26.2470000000        0.3398559718
    0    Moment
    6    num
      491.7650000000       -0.0022973914
      116.9840000000       -0.0307137189
       37.4153000000       -0.1125280694
       13.7834000000        0.0450163278
        5.4521500000        0.5893533634
        2.2258800000        0.4652062868
    1    Moment
    6    num
      491.7650000000        0.0039894009
      116.9840000000        0.0303177067
       37.4153000000        0.1298800286
       13.7834000000        0.3279510723
        5.4521500000        0.4535271000
        2.2258800000        0.2521540556
    0    Moment
    3    num
        3.1864900000       -0.2518280280
        1.1442700000        0.0615892514
        0.4203770000        1.0601843280
    1    Moment
    3    num
        3.1864900000       -0.0142993147
        1.1442700000        0.3235723331
        0.4203770000        0.7435077653
    0    Moment
    1    num
        0.1426570000        1.0000000000
    1    Moment
    1    num
        0.1426570000        1.0000000000
Ar  ------------------------------------
   18    iatm
    7    NShl
    0    Moment
    6    num
    28348.3000000000        0.0018252602
     4257.6200000000        0.0139686015
      969.8570000000        0.0687073072
      273.2630000000        0.2362040249
       87.3695000000        0.4822140508
       29.6867000000        0.3420430360
    0    Moment
    6    num
      575.8910000000       -0.0021597209
      136.8160000000       -0.0290775121
       43.8098000000       -0.1108270460
       16.2094000000        0.0276999115
        6.4608400000        0.5776132395
        2.6511400000        0.4886882026
    1    Moment
    6    num
      575.8910000000        0.0038066498
      136.8160000000        0.0292304988
       43.8098000000        0.1264669948
       16.2094000000        0.3235099866
        6.4608400000        0.4548959811
        2.6511400000        0.2566299894
    0    Moment
    3    num
        3.8602800000       -0.2555929604
        1.4137300000        0.0378067421
        0.5166460000        1.0805640600
    1    Moment
    3    num
        3.8602800000       -0.0159196904
        1.4137300000        0.3246458042
        0.5166460000        0.7439895512
    0    Moment
    1    num
        0.1738880000        1.0000000000
    1    Moment
    1    num
        0.1738880000        1.0000000000
K   ------------------------------------
   19    iatm
    9    NShl
    0    Moment
    6    num
    31594.4200000000        0.0018280099
     4744.3300000000        0.0139940294
     1080.4190000000        0.0688712871
      304.2338000000        0.2369759899
       97.2458600000        0.4829039794
       33.0249500000        0.3404794855
    0    Moment
    6    num
      622.7625000000       -0.0025029759
      147.8839000000       -0.0331554991
       47.3273500000       -0.1226386967
       17.5149500000        0.0535364286
        6.9227220000        0.6193859832
        2.7682770000        0.4345877882
    1    Moment
    6    num
      622.7625000000        0.0040946368
      147.8839000000        0.0314519881
       47.3273500000        0.1351557919
       17.5149500000        0.3390499796
        6.9227220000        0.4629454722
        2.7682770000        0.2242637865
    0    Moment
    6    num
       11.8480200000        0.0127768903
        4.0792110000        0.2098767044
        1.7634810000       -0.0030952741
        0.7889270000       -0.5593884117
        0.3503870000       -0.5134760107
        0.1463440000       -0.0659803514
    1    Moment
    6    num
       11.8480200000       -0.0122137716
        4.0792110000       -0.0069005379
        1.7634810000        0.2007466265
        0.7889270000        0.4281332565
        0.3503870000        0.3970156524
        0.1463440000        0.1104718146
    0    Moment
    3    num
        0.7168010000       -0.0523776616
        0.2337410000       -0.2798499878
        0.0386750000        1.1415457270
    1    Moment
    3    num
        0.7168010000        0.0316430005
        0.2337410000       -0.0404616007
        0.0386750000        1.0120290170
    0    Moment
    1    num
        0.0165210000        1.0000000000
    1    Moment
    1    num
        0.0165210000        1.0000000000
Ca  ------------------------------------
   20    iatm
    9    NShl
    0    Moment
    6    num
    35264.8600000000        0.0018135011
     5295.5030000000        0.0138849310
     1206.0200000000        0.0683616247
      339.6839000000        0.2356188162
      108.6264000000        0.4820639331
       36.9210300000        0.3429819235
    0    Moment
    6    num
      706.3096000000        0.0024482251
      167.8187000000        0.0324150411
       53.8255800000        0.1226219041
       20.0163800000       -0.0431696514
        7.9702790000       -0.6126995206
        3.2120590000       -0.4487540151
    1    Moment
    6    num
      706.3096000000        0.0040203710
      167.8187000000        0.0310060098
       53.8255800000        0.1337278993
       20.0163800000        0.3367982982
        7.9702790000        0.4631280975
        3.2120590000        0.2257531988
    0    Moment
    6    num
       14.1951800000        0.0108450005
        4.8808280000        0.2088333107
        2.1603900000        0.0315033816
        0.9878990000       -0.5526518282
        0.4495170000       -0.5437997277
        0.1873870000       -0.0666934234
    1    Moment
    6    num
       14.1951800000       -0.0128962114
        4.8808280000       -0.0102519811
        2.1603900000        0.1959781209
        0.9878990000        0.4357933466
        0.4495170000        0.3996452427
        0.1873870000        0.0971363704
    0    Moment
    3    num
        1.0322710000       -0.0443971809
        0.3811710000       -0.3284561584
        0.0651310000        1.1630094990
    1    Moment
    3    num
        1.0322710000       -0.4298620974
        0.3811710000        0.0069358290
        0.0651310000        0.9705932940
    0    Moment
    1    num
        0.0260100000        1.0000000000
    1    Moment
    1    num
        0.0260100000        1.0000000000
Sc  ------------------------------------
   21    iatm
   11    NShl
    0    Moment
    6    num
    39088.9800000000        0.0018032630
     5869.7920000000        0.0138076896
     1336.9100000000        0.0680039583
      376.6031000000        0.2347098941
      120.4679000000        0.4815689879
       40.9803200000        0.3445651913
    0    Moment
    6    num
      786.2852000000        0.0024518630
      186.8870000000        0.0325957904
       60.0093500000        0.1238242016
       22.2588300000       -0.0435989006
        8.8851490000       -0.6177181080
        3.6092110000       -0.4432823058
    1    Moment
    6    num
      786.2852000000        0.0040395297
      186.8870000000        0.0312256976
       60.0093500000        0.1349832897
       22.2588300000        0.3424792738
        8.8851490000        0.4623112646
        3.6092110000        0.2177523833
    0    Moment
    6    num
       29.8435500000       -0.0025863020
        9.5423830000        0.0718842409
        4.0567900000        0.2503260030
        1.7047030000       -0.2991003035
        0.7062340000       -0.7446818088
        0.2795360000       -0.1799776021
    1    Moment
    6    num
       29.8435500000       -0.0060966527
        9.5423830000       -0.0262888431
        4.0567900000        0.0509100160
        1.7047030000        0.3798097448
        0.7062340000        0.5170883610
        0.2795360000        0.1829772216
    0    Moment
    3    num
        1.0656090000        0.0648297822
        0.4259330000        0.3253756112
        0.0763200000       -1.1708060400
    1    Moment
    3    num
        1.0656090000       -0.2938439989
        0.4259330000        0.0923532297
        0.0763200000        0.9847929965
    0    Moment
    1    num
        0.0295940000        1.0000000000
    1    Moment
    1    num
        0.0295940000        1.0000000000
    2    Moment
    3    num
       11.1470100000        0.0874767230
        2.8210430000        0.3795635129
        0.8196200000        0.7180393244
    2    Moment
    1    num
        0.2214680000        1.0000000000
Ti  ------------------------------------
   22    iatm
   11    NShl
    0    Moment
    6    num
    43152.9500000000        0.0017918720
     6479.5710000000        0.0137239198
     1475.6750000000        0.0676282991
      415.6991000000        0.2337641969
      133.0006000000        0.4810695937
       45.2722200000        0.3462279954
    0    Moment
    6    num
      874.6826000000        0.0024310081
      207.9785000000        0.0323302707
       66.8791800000        0.1242520027
       24.8734700000       -0.0390390508
        9.9684410000       -0.6171789135
        4.0638260000       -0.4473097098
    1    Moment
    6    num
      874.6826000000        0.0040176793
      207.9785000000        0.0311396623
       66.8791800000        0.1349077100
       24.8734700000        0.3431672253
        9.9684410000        0.4625760341
        4.0638260000        0.2154603159
    0    Moment
    6    num
       33.6436300000       -0.0029403580
       10.8756500000        0.0716310289
        4.6282250000        0.2528914963
        1.9501260000       -0.2966400956
        0.8094520000       -0.7432214890
        0.3204740000       -0.1853519973
    1    Moment
    6    num
       33.6436300000       -0.0063116200
       10.8756500000       -0.0269763800
        4.6282250000        0.0531684700
        1.9501260000        0.3845549000
        0.8094520000        0.5127662001
        0.3204740000        0.1811135000
    0    Moment
    3    num
        1.2241480000        0.0635146072
        0.4842630000        0.3151401875
        0.0840960000       -1.1625942160
    1    Moment
    3    num
        1.2241480000       -0.2112070099
        0.4842630000        0.0777199836
        0.0840960000        0.9898214464
    0    Moment
    1    num
        0.0320360000        1.0000000000
    1    Moment
    1    num
        0.0320360000        1.0000000000
    2    Moment
    3    num
       13.6908500000        0.0858941788
        3.5131540000        0.3784670947
        1.0404340000        0.7161238900
    2    Moment
    1    num
        0.2869620000        1.0000000000
V   ------------------------------------
   23    iatm
   11    NShl
    0    Moment
    6    num
    47354.3300000000        0.0017845130
     7110.7870000000        0.0136675400
     1619.5910000000        0.0673612199
      456.3379000000        0.2330551996
      146.0606000000        0.4806315992
       49.7579100000        0.3474801994
    0    Moment
    6    num
      968.1484000000        0.0024105990
      230.2821000000        0.0320724301
       74.1459100000        0.1245942006
       27.6410700000       -0.0348217702
       11.1147500000       -0.6167374027
        4.5431130000       -0.4509844020
    1    Moment
    6    num
      968.1484000000        0.0039950052
      230.2821000000        0.0310406114
       74.1459100000        0.1347747059
       27.6410700000        0.3437279150
       11.1147500000        0.4628759202
        4.5431130000        0.2135547093
    0    Moment
    6    num
       37.6405000000       -0.0032331994
       12.2823800000        0.0713074485
        5.2333660000        0.2543820302
        2.2089500000       -0.2933887348
        0.9178800000       -0.7415695881
        0.3634120000       -0.1909410227
    1    Moment
    6    num
       37.6405000000       -0.0064940561
       12.2823800000       -0.0275345304
        5.2333660000        0.0551628408
        2.2089500000        0.3879672059
        0.9178800000        0.5090258077
        0.3634120000        0.1803840027
    0    Moment
    3    num
        1.3927810000        0.0613970213
        0.5439130000        0.3061129568
        0.0914760000       -1.1548898370
    1    Moment
    3    num
        1.3927810000       -0.1891264918
        0.5439130000        0.0800545265
        0.0914760000        0.9877398574
    0    Moment
    1    num
        0.0343120000        1.0000000000
    1    Moment
    1    num
        0.0343120000        1.0000000000
    2    Moment
    3    num
       16.0502500000        0.0859989917
        4.1600630000        0.3802996074
        1.2432650000        0.7127659138
    2    Moment
    1    num
        0.3442770000        1.0000000000
Cr  ------------------------------------
   24    iatm
   11    NShl
    0    Moment
    6    num
    51789.8100000000        0.0017761820
     7776.8490000000        0.0136047597
     1771.3850000000        0.0670692483
      499.1588000000        0.2323103942
      159.7982000000        0.4802409880
       54.4702100000        0.3487652913
    0    Moment
    6    num
     1064.3280000000        0.0023996690
      253.2138000000        0.0319488603
       81.6092400000        0.1250868014
       30.4819300000       -0.0322186604
       12.2943900000       -0.6172284069
        5.0377220000       -0.4525936050
    1    Moment
    6    num
     1064.3280000000        0.0039869970
      253.2138000000        0.0310466198
       81.6092400000        0.1350517989
       30.4819300000        0.3448864973
       12.2943900000        0.4628570964
        5.0377220000        0.2110425984
    0    Moment
    6    num
       41.5629100000       -0.0034542160
       13.6762700000        0.0721842795
        5.8443900000        0.2544819984
        2.4716090000       -0.2934533981
        1.0283080000       -0.7385454952
        0.4072500000       -0.1947156987
    1    Moment
    6    num
       41.5629100000       -0.0067224970
       13.6762700000       -0.0280647101
        5.8443900000        0.0582002801
        2.4716090000        0.3916988010
        1.0283080000        0.5047823013
        0.4072500000        0.1790290005
    0    Moment
    3    num
        1.5714640000        0.0589222146
        0.6055800000        0.2976056242
        0.0985610000       -1.1475064790
    1    Moment
    3    num
        1.5714640000       -0.1930100080
        0.6055800000        0.0960562040
        0.0985610000        0.9817609407
    0    Moment
    1    num
        0.0364590000        1.0000000000
    1    Moment
    1    num
        0.0364590000        1.0000000000
    2    Moment
    3    num
       18.4193000000        0.0865081634
        4.8126610000        0.3826699148
        1.4464470000        0.7093772274
    2    Moment
    1    num
        0.4004130000        1.0000000000
Mn  ------------------------------------
   25    iatm
   11    NShl
    0    Moment
    6    num
    56347.1400000000        0.0017715800
     8460.9430000000        0.0135708099
     1927.3250000000        0.0669060495
      543.2343000000        0.2318540982
      173.9905000000        0.4799045963
       59.3600500000        0.3495736973
    0    Moment
    6    num
     1165.4120000000        0.0023887510
      277.3276000000        0.0318170804
       89.4727800000        0.1254670014
       33.4825600000       -0.0295543103
       13.5403700000       -0.6175160070
        5.5579720000       -0.4544458051
    1    Moment
    6    num
     1165.4120000000        0.0039773179
      277.3276000000        0.0310311194
       89.4727800000        0.1351893975
       33.4825600000        0.3457386935
       13.5403700000        0.4629204913
        5.5579720000        0.2090591961
    0    Moment
    6    num
       45.8353200000       -0.0036658561
       15.1877700000        0.0723197127
        6.5007100000        0.2544486095
        2.7515830000       -0.2910380108
        1.1454040000       -0.7359860274
        0.4536870000       -0.1997617074
    1    Moment
    6    num
       45.8353200000       -0.0068875779
       15.1877700000       -0.0284681596
        6.5007100000        0.0603183191
        2.7515830000        0.3938960944
        1.1454040000        0.5013768928
        0.4536870000        0.1792263974
    0    Moment
    3    num
        1.7579990000        0.0562857319
        0.6670220000        0.2897491610
        0.1051290000       -1.1406532400
    1    Moment
    3    num
        1.7579990000       -0.5035023825
        0.6670220000        0.2345010919
        0.1051290000        0.9141256682
    0    Moment
    1    num
        0.0384180000        1.0000000000
    1    Moment
    1    num
        0.0384180000        1.0000000000
    2    Moment
    3    num
       20.9435500000        0.0867270231
        5.5104860000        0.3841883139
        1.6650380000        0.7069071256
    2    Moment
    1    num
        0.4617330000        1.0000000000
Fe  ------------------------------------
   26    iatm
   11    NShl
    0    Moment
    6    num
    61132.6200000000        0.0017661110
     9179.3420000000        0.0135303798
     2090.8570000000        0.0667312791
      589.2479000000        0.2314822969
      188.7543000000        0.4797057935
       64.4462900000        0.3501975953
    0    Moment
    6    num
     1259.9800000000        0.0024380140
      299.8761000000        0.0322404804
       96.8491700000        0.1265724014
       36.3102000000       -0.0313990204
       14.7299600000       -0.6207593068
        6.0660750000       -0.4502914050
    1    Moment
    6    num
     1259.9800000000        0.0040280187
      299.8761000000        0.0314464674
       96.8491700000        0.1368316886
       36.3102000000        0.3487235710
       14.7299600000        0.4617930616
        6.0660750000        0.2043057830
    0    Moment
    6    num
       50.4348500000       -0.0038732560
       16.8392900000        0.0719659797
        7.1920860000        0.2556590990
        3.0534200000       -0.2882836988
        1.2736430000       -0.7342821970
        0.5040910000       -0.2049352992
    1    Moment
    6    num
       50.4348500000       -0.0070171279
       16.8392900000       -0.0287765995
        7.1920860000        0.0618138289
        3.0534200000        0.3954945933
        1.2736430000        0.4989058915
        0.5040910000        0.1791250969
    0    Moment
    3    num
        1.9503160000        0.0569486903
        0.7367210000        0.2882915015
        0.1141770000       -1.1381590060
    1    Moment
    3    num
        1.9503160000       -0.4593796163
        0.7367210000        0.2852139102
        0.1141770000        0.9076485323
    0    Moment
    1    num
        0.0411480000        1.0000000000
    1    Moment
    1    num
        0.0411480000        1.0000000000
    2    Moment
    3    num
       23.1499400000        0.0887693548
        6.1223680000        0.3896319210
        1.8466010000        0.7014816379
    2    Moment
    1    num
        0.5043610000        1.0000000000
Co  ------------------------------------
   27    iatm
   11    NShl
    0    Moment
    6    num
    66148.9900000000        0.0017597871
     9933.0770000000        0.0134816208
     2262.8160000000        0.0664934240
      637.9154000000        0.2307939139
      204.4122000000        0.4792919288
       69.8253800000        0.3514097211
    0    Moment
    6    num
     1378.8410000000        0.0023762761
      328.2694000000        0.0316745014
      106.0946000000        0.1262888054
       39.8327500000       -0.0258455211
       16.1862200000       -0.6183491267
        6.6677880000       -0.4567008197
    1    Moment
    6    num
     1378.8410000000        0.0039714881
      328.2694000000        0.0310817411
      106.0946000000        0.1357439048
       39.8327500000        0.3476827122
       16.1862200000        0.4626340163
        6.6677880000        0.2051632072
    0    Moment
    6    num
       54.5235500000       -0.0039930039
       18.2978300000        0.0740966274
        7.8673480000        0.2541999911
        3.3405340000       -0.2921656898
        1.3937560000       -0.7318702744
        0.5513260000       -0.2040783929
    1    Moment
    6    num
       54.5235500000       -0.0072907716
       18.2978300000       -0.0292602685
        7.8673480000        0.0656414966
        3.3405340000        0.4000651793
        1.3937560000        0.4950235744
        0.5513260000        0.1758239909
    0    Moment
    3    num
        2.1519470000        0.0537984046
        0.8110630000        0.2759969695
        0.1210170000       -1.1296914660
    1    Moment
    3    num
        2.1519470000       -0.2165495935
        0.8110630000        0.1240487963
        0.1210170000        0.9724063708
    0    Moment
    1    num
        0.0430370000        1.0000000000
    1    Moment
    1    num
        0.0430370000        1.0000000000
    2    Moment
    3    num
       25.5930600000        0.0900474840
        6.8009900000        0.3931703176
        2.0516470000        0.6976844312
    2    Moment
    1    num
        0.5556710000        1.0000000000
Ni  ------------------------------------
   28    iatm
   11    NShl
    0    Moment
    6    num
    71396.3500000000        0.0017530029
    10720.8400000000        0.0134312192
     2442.1290000000        0.0662704063
      688.4265000000        0.2302507872
      220.6153000000        0.4790185733
       75.3937300000        0.3523443804
    0    Moment
    6    num
     1492.5320000000        0.0023707138
      355.4013000000        0.0316056579
      114.9534000000        0.1266334915
       43.2204300000       -0.0241703684
       17.5971000000       -0.6187774584
        7.2577650000       -0.4576769692
    1    Moment
    6    num
     1492.5320000000        0.0039675541
      355.4013000000        0.0310947911
      114.9534000000        0.1359517050
       43.2204300000        0.3485136127
       17.5971000000        0.4625498169
        7.2577650000        0.2035186074
    0    Moment
    6    num
       59.3526100000       -0.0041620020
       20.0218100000        0.0742511108
        8.6145610000        0.2541360028
        3.6605310000       -0.2903477032
        1.5281110000       -0.7302121080
        0.6040570000       -0.2076057023
    1    Moment
    6    num
       59.3526100000       -0.0074214517
       20.0218100000       -0.0295340988
        8.6145610000        0.0673185174
        3.6605310000        0.4016659842
        1.5281110000        0.4926622807
        0.6040570000        0.1756892931
    0    Moment
    3    num
        2.3792760000        0.0515789054
        0.8858390000        0.2707612333
        0.1285290000       -1.1247705540
    1    Moment
    3    num
        2.3792760000       -0.1887663036
        0.8858390000        0.1015199019
        0.1285290000        0.9790906185
    0    Moment
    1    num
        0.0451950000        1.0000000000
    1    Moment
    1    num
        0.0451950000        1.0000000000
    2    Moment
    3    num
       28.1914700000        0.0909888050
        7.5235840000        0.3958207784
        2.2712280000        0.6947153621
    2    Moment
    1    num
        0.6116030000        1.0000000000
Cu  ------------------------------------
   29    iatm
   11    NShl
    0    Moment
    6    num
    76794.3800000000        0.0017481611
    11530.7000000000        0.0133960206
     2626.5750000000        0.0661088531
      740.4903000000        0.2298265110
      237.3528000000        0.4787675228
       81.1581800000        0.3530739168
    0    Moment
    6    num
     1610.8140000000        0.0023640550
      383.6367000000        0.0315363500
      124.1733000000        0.1269451999
       46.7467800000       -0.0226284000
       19.0656900000       -0.6192079994
        7.8715670000       -0.4585392996
    1    Moment
    6    num
     1610.8140000000        0.0039633068
      383.6367000000        0.0311022288
      124.1733000000        0.1361349948
       46.7467800000        0.3492913866
       19.0656900000        0.4624779822
        7.8715670000        0.2020101922
    0    Moment
    6    num
       64.4573200000       -0.0043310754
       21.8521200000        0.0741230766
        9.4053430000        0.2542108227
        3.9991680000       -0.2874843257
        1.6702970000       -0.7291436651
        0.6596270000       -0.2113951189
    1    Moment
    6    num
       64.4573200000       -0.0075237245
       21.8521200000       -0.0297568681
        9.4053430000        0.0684965356
        3.9991680000        0.4027140741
        1.6702970000        0.4908489684
        0.6596270000        0.1759267887
    0    Moment
    3    num
        2.6000880000        0.0502757700
        0.9630940000        0.2650040002
        0.1361610000       -1.1201550010
    1    Moment
    3    num
        2.6000880000       -0.1702910950
        0.9630940000        0.0931013273
        0.1361610000        0.9814335714
    0    Moment
    1    num
        0.0473320000        1.0000000000
    1    Moment
    1    num
        0.0473320000        1.0000000000
    2    Moment
    3    num
       30.8534100000        0.0919990538
        8.2649850000        0.3985021167
        2.4953320000        0.6917897289
    2    Moment
    1    num
        0.6676580000        1.0000000000
Zn  ------------------------------------
   30    iatm
   11    NShl
    0    Moment
    6    num
    82400.9400000000        0.0017433290
    12372.5500000000        0.0133596599
     2818.3510000000        0.0659436496
      794.5717000000        0.2294150985
      254.7232000000        0.4785452968
       87.1388000000        0.3537752977
    0    Moment
    6    num
     1732.5690000000        0.0023614591
      412.7149000000        0.0315017712
      133.6780000000        0.1272774048
       50.3858500000       -0.0214592808
       20.5835800000       -0.6197652235
        8.5059400000       -0.4590180174
    1    Moment
    6    num
     1732.5690000000        0.0039631251
      412.7149000000        0.0311341104
      133.6780000000        0.1363931018
       50.3858500000        0.3501266047
       20.5835800000        0.4623179062
        8.5059400000        0.2004995027
    0    Moment
    6    num
       69.3649200000       -0.0044400982
       23.6208200000        0.0750525331
       10.1847100000        0.2533111104
        4.3340820000       -0.2881897118
        1.8109180000       -0.7267052298
        0.7148410000       -0.2133439088
    1    Moment
    6    num
       69.3649200000       -0.0076892618
       23.6208200000       -0.0299798192
       10.1847100000        0.0708241082
        4.3340820000        0.4046140897
        1.8109180000        0.4882324876
        0.7148410000        0.1751969956
    0    Moment
    3    num
        2.8238420000        0.0489854503
        1.0395430000        0.2592794075
        0.1432640000       -1.1157114630
    1    Moment
    3    num
        2.8238420000       -0.1586762981
        1.0395430000        0.0837932690
        0.1432640000        0.9840546881
    0    Moment
    1    num
        0.0492960000        1.0000000000
    1    Moment
    1    num
        0.0492960000        1.0000000000
    2    Moment
    3    num
       33.7076400000        0.0926264781
        9.0611060000        0.4002979920
        2.7383830000        0.6896607863
    2    Moment
    1    num
        0.7302940000        1.0000000000
Ga  ------------------------------------
   31    iatm
   11    NShl
    0    Moment
    8    num
   457600.0000000000        0.0002117728
    68470.0000000000        0.0016513833
    15590.0000000000        0.0085005397
     4450.0000000000        0.0344380151
     1472.0000000000        0.1097406724
      541.3000000000        0.2700180463
      214.8000000000        0.4296242820
       88.8100000000        0.2833353444
    0    Moment
    2    num
       27.1800000000        0.3029691487
       11.5400000000        0.7240978426
    0    Moment
    1    num
        3.3030000000        1.0000000000
    0    Moment
    1    num
        1.3340000000        1.0000000000
    0    Moment
    1    num
        0.1947000000        1.0000000000
    0    Moment
    1    num
        0.0715800000        1.0000000000
    1    Moment
    6    num
     3274.0000000000        0.0014959434
      765.4000000000        0.0134648098
      241.6000000000        0.0663438676
       89.3900000000        0.2329807818
       36.3600000000        0.4051517633
       15.6000000000        0.4423296556
    1    Moment
    3    num
        6.4720000000        0.2810145729
        2.7480000000        0.5204448020
        1.0900000000        0.3091752365
    1    Moment
    1    num
        0.2202000000        1.0000000000
    1    Moment
    1    num
        0.0613000000        1.0000000000
    2    Moment
    5    num
       59.6600000000        0.0319686358
       17.1000000000        0.1636242002
        6.0300000000        0.3672992195
        2.1710000000        0.4571634948
        0.6844000000        0.3048523506
Ge  ------------------------------------
   32    iatm
   11    NShl
    0    Moment
    8    num
   489000.0000000000        0.0002127027
    73100.0000000000        0.0016556316
    16640.0000000000        0.0085751753
     4742.0000000000        0.0344013038
     1569.0000000000        0.1081142772
      577.0000000000        0.2754403795
      229.0000000000        0.4162936221
       94.8100000000        0.2939800043
    0    Moment
    2    num
       29.2200000000        0.3081244706
       12.4500000000        0.7190044102
    0    Moment
    1    num
        3.6420000000        1.0000000000
    0    Moment
    1    num
        1.5020000000        1.0000000000
    0    Moment
    1    num
        0.2462000000        1.0000000000
    0    Moment
    1    num
        0.0920900000        1.0000000000
    1    Moment
    6    num
     3596.0000000000        0.0014876478
      843.7000000000        0.0128358630
      266.2000000000        0.0667419485
       98.2800000000        0.2255870431
       39.9300000000        0.4058018586
       17.1400000000        0.4482854497
    1    Moment
    3    num
        7.1570000000        0.2745886648
        3.0680000000        0.5155972697
        1.2460000000        0.3174123036
    1    Moment
    1    num
        0.2795000000        1.0000000000
    1    Moment
    1    num
        0.0834000000        1.0000000000
    2    Moment
    5    num
       70.1800000000        0.0288992213
       20.0700000000        0.1559473099
        7.0590000000        0.3697935117
        2.5530000000        0.4678720646
        0.8301000000        0.2877667334
As  ------------------------------------
   33    iatm
   11    NShl
    0    Moment
    8    num
   526200.0000000000        0.0002108669
    78310.0000000000        0.0016485960
    17800.0000000000        0.0085209410
     5070.0000000000        0.0338824818
     1677.0000000000        0.1075996437
      617.0000000000        0.2743666312
      245.0000000000        0.4160404539
      101.5000000000        0.2959804916
    0    Moment
    2    num
       31.3900000000        0.3041249889
       13.4300000000        0.7225532386
    0    Moment
    1    num
        4.0000000000        1.0000000000
    0    Moment
    1    num
        1.6830000000        1.0000000000
    0    Moment
    1    num
        0.3003000000        1.0000000000
    0    Moment
    1    num
        0.1137000000        1.0000000000
    1    Moment
    6    num
     3909.0000000000        0.0014361931
      924.0000000000        0.0123102264
      291.8000000000        0.0645854948
      107.5000000000        0.2214868891
       43.6200000000        0.4042073634
       18.7300000000        0.4550572372
    1    Moment
    3    num
        7.8410000000        0.2648206099
        3.3910000000        0.5193995387
        1.4050000000        0.3192212274
    1    Moment
    1    num
        0.3441000000        1.0000000000
    1    Moment
    1    num
        0.1068000000        1.0000000000
    2    Moment
    5    num
       81.5900000000        0.0263431664
       23.2600000000        0.1492436151
        8.1480000000        0.3711935457
        2.9540000000        0.4763499460
        0.9827000000        0.2761295234
Se  ------------------------------------
   34    iatm
   11    NShl
    0    Moment
    8    num
   560600.0000000000        0.0002107677
    84010.0000000000        0.0016286595
    19030.0000000000        0.0084594488
     5419.0000000000        0.0336078670
     1792.0000000000        0.1079322204
      659.5000000000        0.2727621380
      262.0000000000        0.4152890014
      108.6000000000        0.2983320915
    0    Moment
    2    num
       33.6600000000        0.3079889918
       14.4500000000        0.7186892176
    0    Moment
    1    num
        4.3780000000        1.0000000000
    0    Moment
    1    num
        1.8760000000        1.0000000000
    0    Moment
    1    num
        0.3592000000        1.0000000000
    0    Moment
    1    num
        0.1367000000        1.0000000000
    1    Moment
    6    num
     4114.0000000000        0.0014626307
      980.4000000000        0.0123136000
      310.7000000000        0.0647182816
      114.2000000000        0.2233824559
       46.2600000000        0.4063363001
       19.8700000000        0.4511528037
    1    Moment
    3    num
        8.3090000000        0.2828528490
        3.5980000000        0.5216481550
        1.5220000000        0.2962794083
    1    Moment
    1    num
        0.4032000000        1.0000000000
    1    Moment
    1    num
        0.1231000000        1.0000000000
    2    Moment
    5    num
       94.0300000000        0.0239422519
       26.7900000000        0.1419010730
        9.3360000000        0.3710526789
        3.3830000000        0.4843924907
        1.1450000000        0.2690630961
Br  ------------------------------------
   35    iatm
   11    NShl
    0    Moment
    8    num
   574300.0000000000        0.0002106828
    89070.0000000000        0.0016127172
    20210.0000000000        0.0083601096
     5736.0000000000        0.0340275588
     1899.0000000000        0.1085150006
      698.7000000000        0.2673969444
      277.8000000000        0.4295672215
      115.2000000000        0.2869931170
    0    Moment
    2    num
       35.9700000000        0.2777729144
       15.5000000000        0.7470576360
    0    Moment
    1    num
        4.7710000000        1.0000000000
    0    Moment
    1    num
        2.0770000000        1.0000000000
    0    Moment
    1    num
        0.4211000000        1.0000000000
    0    Moment
    1    num
        0.1610000000        1.0000000000
    1    Moment
    6    num
     4406.0000000000        0.0013955262
     1042.0000000000        0.0123748283
      332.1000000000        0.0610175241
      121.9000000000        0.2267755466
       49.2400000000        0.4059758745
       21.1600000000        0.4506923223
    1    Moment
    3    num
        8.8360000000        0.2920185849
        3.8290000000        0.5302208617
        1.6430000000        0.2752874045
    1    Moment
    1    num
        0.4650000000        1.0000000000
    1    Moment
    1    num
        0.1427000000        1.0000000000
    2    Moment
    5    num
      108.4000000000        0.0215879371
       30.7100000000        0.1341760360
       10.6600000000        0.3678706466
        3.8510000000        0.4918952062
        1.3170000000        0.2683219787
Kr  ------------------------------------
   36    iatm
   11    NShl
    0    Moment
    8    num
   605700.0000000000        0.0002196315
    90300.0000000000        0.0016648332
    20920.0000000000        0.0086392353
     5889.0000000000        0.0352420900
     1950.0000000000        0.1121508530
      718.2000000000        0.2733050295
      285.4000000000        0.4336665192
      118.6000000000        0.2721971781
    0    Moment
    2    num
       38.1600000000        0.2786214677
       16.4500000000        0.7462366170
    0    Moment
    1    num
        5.2110000000        1.0000000000
    0    Moment
    1    num
        2.2910000000        1.0000000000
    0    Moment
    1    num
        0.4837000000        1.0000000000
    0    Moment
    1    num
        0.1855000000        1.0000000000
    1    Moment
    6    num
     4678.0000000000        0.0013777893
     1120.0000000000        0.0121208959
      357.1000000000        0.0597554733
      131.4000000000        0.2240843064
       52.8600000000        0.4076562538
       22.7000000000        0.4523828826
    1    Moment
    3    num
        9.5470000000        0.2904719606
        4.1670000000        0.5334844307
        1.8110000000        0.2708313155
    1    Moment
    1    num
        0.5337000000        1.0000000000
    1    Moment
    1    num
        0.1654000000        1.0000000000
    2    Moment
    5    num
      125.6000000000        0.0191769844
       35.3100000000        0.1258630876
       12.1500000000        0.3661649364
        4.3500000000        0.5030491390
        1.4940000000        0.2632849056
end
