 Amesp basis library : aug-cc-pVDZ-PP

Cu  ------------------------------------
   29    iatm
   16    NShl
    0    Moment
    7    num
      560.0880000000        0.0006370000
       56.6486000000       -0.0097350000
       35.4258000000        0.0657930000
       11.0546000000       -0.4150350000
        2.3068200000        0.7466110000
        0.9514290000        0.4621730000
        0.1451840000        0.0159830000
    0    Moment
    7    num
      560.0880000000       -0.0001360000
       56.6486000000        0.0014010000
       35.4258000000       -0.0131740000
       11.0546000000        0.0956950000
        2.3068200000       -0.2118740000
        0.9514290000       -0.2359440000
        0.1451840000        0.5081150000
    0    Moment
    7    num
      560.0880000000       -0.0003330000
       56.6486000000        0.0059300000
       35.4258000000       -0.0325490000
       11.0546000000        0.2110710000
        2.3068200000       -0.7305560000
        0.9514290000        0.1772420000
        0.1451840000        1.7148730000
    0    Moment
    1    num
        0.0503250000        1.0000000000
    0    Moment
    1    num
        0.0174000000        1.0000000000
    1    Moment
    6    num
       70.9739000000        0.0036820000
       17.8510000000       -0.0821280000
        4.2467900000        0.3753790000
        1.8776000000        0.5084090000
        0.7933350000        0.2390950000
        0.1934760000        0.0158500000
    1    Moment
    6    num
       70.9739000000       -0.0006280000
       17.8510000000        0.0165630000
        4.2467900000       -0.0845720000
        1.8776000000       -0.1412830000
        0.7933350000       -0.0035710000
        0.1934760000        0.5190050000
    1    Moment
    6    num
       70.9739000000       -0.0009100000
       17.8510000000        0.0299140000
        4.2467900000       -0.1660940000
        1.8776000000       -0.2780000000
        0.7933350000        0.1575840000
        0.1934760000        0.8304880000
    1    Moment
    1    num
        0.0573930000        1.0000000000
    1    Moment
    1    num
        0.0170000000        1.0000000000
    2    Moment
    5    num
       60.3804000000        0.0175640000
       19.1121000000        0.0991340000
        6.9528800000        0.2711710000
        2.6099400000        0.4061800000
        0.9225670000        0.3814270000
    2    Moment
    5    num
       60.3804000000       -0.0222860000
       19.1121000000       -0.1282740000
        6.9528800000       -0.3627970000
        2.6099400000       -0.3257220000
        0.9225670000        0.3270870000
    2    Moment
    1    num
        0.2836420000        1.0000000000
    2    Moment
    1    num
        0.0872000000        1.0000000000
    3    Moment
    1    num
        2.7482000000        1.0000000000
    3    Moment
    1    num
        0.9066000000        1.0000000000
Zn  ------------------------------------
   30    iatm
   16    NShl
    0    Moment
    7    num
      629.1260000000        0.0005590000
       62.9635000000       -0.0096800000
       39.5791000000        0.0623540000
       11.9173000000       -0.4148790000
        2.5082400000        0.7544660000
        1.0301900000        0.4589960000
        0.1540020000        0.0116640000
    0    Moment
    7    num
      629.1260000000       -0.0001210000
       62.9635000000        0.0014890000
       39.5791000000       -0.0127370000
       11.9173000000        0.0972460000
        2.5082400000       -0.2199170000
        1.0301900000       -0.2364740000
        0.1540020000        0.5812910000
    0    Moment
    7    num
      629.1260000000        0.0004210000
       62.9635000000       -0.0051090000
       39.5791000000        0.0414470000
       11.9173000000       -0.3416430000
        2.5082400000        1.4386170000
        1.0301900000       -0.9824290000
        0.1540020000       -1.1876310000
    0    Moment
    1    num
        0.0527950000        1.0000000000
    0    Moment
    1    num
        0.0181000000        1.0000000000
    1    Moment
    6    num
       92.9034000000        0.0024880000
       19.7452000000       -0.0791360000
        4.5507300000        0.3880590000
        2.0019000000        0.5093540000
        0.8438790000        0.2245750000
        0.2033810000        0.0126800000
    1    Moment
    6    num
       92.9034000000       -0.0004030000
       19.7452000000        0.0154470000
        4.5507300000       -0.0843250000
        2.0019000000       -0.1364890000
        0.8438790000        0.0008020000
        0.2033810000        0.5157920000
    1    Moment
    6    num
       92.9034000000       -0.0005300000
       19.7452000000        0.0247430000
        4.5507300000       -0.1424780000
        2.0019000000       -0.2340320000
        0.8438790000        0.0921870000
        0.2033810000        0.8377700000
    1    Moment
    1    num
        0.0595720000        1.0000000000
    1    Moment
    1    num
        0.0174000000        1.0000000000
    2    Moment
    5    num
       71.2766000000        0.0158950000
       22.7604000000        0.0924540000
        8.3236900000        0.2594720000
        3.1687500000        0.4033140000
        1.1470300000        0.3878340000
    2    Moment
    5    num
       71.2766000000       -0.0225160000
       22.7604000000       -0.1333030000
        8.3236900000       -0.3932530000
        3.1687500000       -0.3512140000
        1.1470300000        0.4061710000
    2    Moment
    1    num
        0.3666430000        1.0000000000
    2    Moment
    1    num
        0.1172000000        1.0000000000
    3    Moment
    1    num
        3.2168000000        1.0000000000
    3    Moment
    1    num
        1.0870000000        1.0000000000
Ga  ------------------------------------
   31    iatm
   12    NShl
    0    Moment
    6    num
     2848.2000000000        0.0003620000
      420.6640000000        0.0021170000
       29.8118000000        0.1189640000
       14.2207000000       -0.4617230000
        2.6764300000        0.7515590000
        1.1335300000        0.4472020000
    0    Moment
    6    num
     2848.2000000000       -0.0000970000
      420.6640000000       -0.0006140000
       29.8118000000       -0.0310690000
       14.2207000000        0.1267840000
        2.6764300000       -0.2642880000
        1.1335300000       -0.2754710000
    0    Moment
    1    num
        0.2072200000        1.0000000000
    0    Moment
    1    num
        0.0732510000        1.0000000000
    0    Moment
    1    num
        0.0222000000        1.0000000000
    1    Moment
    6    num
      109.6240000000        0.0021010000
       21.0855000000       -0.0801960000
        4.9226000000        0.3964150000
        2.1559100000        0.5190760000
        0.9019130000        0.2075200000
        0.2020040000        0.0078250000
    1    Moment
    6    num
      109.6240000000       -0.0002880000
       21.0855000000        0.0135550000
        4.9226000000       -0.0736290000
        2.1559100000       -0.1208600000
        0.9019130000       -0.0019600000
        0.2020040000        0.4932060000
    1    Moment
    1    num
        0.0574620000        1.0000000000
    1    Moment
    1    num
        0.0145000000        1.0000000000
    2    Moment
    6    num
       85.7978000000        0.0146680000
       27.6822000000        0.0856210000
       10.1760000000        0.2483360000
        3.9220800000        0.4014140000
        1.4585800000        0.3986040000
        0.4887600000        0.1868980000
    2    Moment
    1    num
        0.1772000000        1.0000000000
    2    Moment
    1    num
        0.0514000000        1.0000000000
Ge  ------------------------------------
   32    iatm
   12    NShl
    0    Moment
    6    num
     2611.7400000000        0.0006560000
      390.0300000000        0.0035950000
       34.2279000000        0.1001260000
       15.1072000000       -0.4349590000
        2.9277400000        0.7355000000
        1.2715900000        0.4585920000
    0    Moment
    6    num
     2611.7400000000       -0.0002010000
      390.0300000000       -0.0011760000
       34.2279000000       -0.0291870000
       15.1072000000        0.1340270000
        2.9277400000       -0.2958060000
        1.2715900000       -0.3087300000
    0    Moment
    1    num
        0.2624970000        1.0000000000
    0    Moment
    1    num
        0.0943060000        1.0000000000
    0    Moment
    1    num
        0.0310000000        1.0000000000
    1    Moment
    6    num
      108.3790000000        0.0026780000
       22.6697000000       -0.0807630000
        5.3689700000        0.3986760000
        2.3602500000        0.5230260000
        1.0045800000        0.1984560000
        0.2608400000        0.0074040000
    1    Moment
    6    num
      108.3790000000       -0.0004610000
       22.6697000000        0.0166580000
        5.3689700000       -0.0917910000
        2.3602500000       -0.1485590000
        1.0045800000        0.0003080000
        0.2608400000        0.5385500000
    1    Moment
    1    num
        0.0792270000        1.0000000000
    1    Moment
    1    num
        0.0232000000        1.0000000000
    2    Moment
    6    num
       98.8248000000        0.0130960000
       32.0078000000        0.0811490000
       11.8456000000        0.2432460000
        4.6277200000        0.4014740000
        1.7584400000        0.4024370000
        0.6091920000        0.1785400000
    2    Moment
    1    num
        0.2425000000        1.0000000000
    2    Moment
    1    num
        0.0780000000        1.0000000000
As  ------------------------------------
   33    iatm
   12    NShl
    0    Moment
    6    num
     2542.8100000000        0.0011370000
      381.1690000000        0.0060550000
       40.2342000000        0.0841250000
       16.1217000000       -0.4052850000
        3.2018900000        0.7129260000
        1.4209600000        0.4733760000
    0    Moment
    6    num
     2542.8100000000       -0.0003900000
      381.1690000000       -0.0021900000
       40.2342000000       -0.0268530000
       16.1217000000        0.1368780000
        3.2018900000       -0.3204570000
        1.4209600000       -0.3373910000
    0    Moment
    1    num
        0.3214430000        1.0000000000
    0    Moment
    1    num
        0.1167350000        1.0000000000
    0    Moment
    1    num
        0.0370000000        1.0000000000
    1    Moment
    6    num
       99.5349000000        0.0038570000
       24.1195000000       -0.0851010000
        5.8419600000        0.4047620000
        2.5601000000        0.5314780000
        1.0930800000        0.1840120000
        0.3184240000        0.0057640000
    1    Moment
    6    num
       99.5349000000       -0.0007720000
       24.1195000000        0.0199410000
        5.8419600000       -0.1072100000
        2.5601000000       -0.1722590000
        1.0930800000        0.0087610000
        0.3184240000        0.5697440000
    1    Moment
    1    num
        0.1009720000        1.0000000000
    1    Moment
    1    num
        0.0308000000        1.0000000000
    2    Moment
    6    num
      113.5090000000        0.0119800000
       36.8872000000        0.0795440000
       13.6893000000        0.2367550000
        5.3896400000        0.4015340000
        2.0804600000        0.4066860000
        0.7375680000        0.1731620000
    2    Moment
    1    num
        0.3078000000        1.0000000000
    2    Moment
    1    num
        0.1000000000        1.0000000000
Se  ------------------------------------
   34    iatm
   12    NShl
    0    Moment
    6    num
     2609.7204000000        0.0018290000
      391.5228000000        0.0097060000
       48.2893000000        0.0716060000
       16.8019000000       -0.3839800000
        3.5149000000        0.6919260000
        1.5894000000        0.4918930000
    0    Moment
    6    num
     2609.7204000000       -0.0006940000
      391.5228000000       -0.0038660000
       48.2893000000       -0.0248390000
       16.8019000000        0.1402070000
        3.5149000000       -0.3422800000
        1.5894000000       -0.3645980000
    0    Moment
    1    num
        0.3830000000        1.0000000000
    0    Moment
    1    num
        0.1399000000        1.0000000000
    0    Moment
    1    num
        0.0433000000        1.0000000000
    1    Moment
    6    num
      100.0192000000        0.0047610000
       25.8909000000       -0.0848990000
        6.2093000000        0.4286550000
        2.6613000000        0.5430600000
        1.0929000000        0.1492830000
        0.3597000000        0.0010710000
    1    Moment
    6    num
      100.0192000000       -0.0010580000
       25.8909000000        0.0217090000
        6.2093000000       -0.1262430000
        2.6613000000       -0.1935450000
        1.0929000000        0.0473730000
        0.3597000000        0.5918060000
    1    Moment
    1    num
        0.1137000000        1.0000000000
    1    Moment
    1    num
        0.0345000000        1.0000000000
    2    Moment
    6    num
      128.5080000000        0.0110110000
       41.5212000000        0.0778560000
       15.5182000000        0.2328190000
        6.1608200000        0.4017880000
        2.4113400000        0.4089460000
        0.8719360000        0.1680930000
    2    Moment
    1    num
        0.3656000000        1.0000000000
    2    Moment
    1    num
        0.1260000000        1.0000000000
Br  ------------------------------------
   35    iatm
   12    NShl
    0    Moment
    6    num
     2808.6000000000        0.0016060000
      421.1800000000        0.0083930000
       50.3457000000        0.0695780000
       17.9133000000       -0.3899080000
        3.8053100000        0.6944970000
        1.7496800000        0.4913540000
    0    Moment
    6    num
     2808.6000000000       -0.0006350000
      421.1800000000       -0.0034920000
       50.3457000000       -0.0251950000
       17.9133000000        0.1501130000
        3.8053100000       -0.3662260000
        1.7496800000       -0.3834220000
    0    Moment
    1    num
        0.4485550000        1.0000000000
    0    Moment
    1    num
        0.1644980000        1.0000000000
    0    Moment
    1    num
        0.0502000000        1.0000000000
    1    Moment
    6    num
      105.7520000000        0.0053410000
       27.6368000000       -0.0830840000
        6.5965600000        0.4477660000
        2.7852200000        0.5506170000
        1.0781200000        0.1235000000
        0.3935370000       -0.0037710000
    1    Moment
    6    num
      105.7520000000       -0.0013080000
       27.6368000000        0.0229210000
        6.5965600000       -0.1450290000
        2.7852200000       -0.2090370000
        1.0781200000        0.0937300000
        0.3935370000        0.6050210000
    1    Moment
    1    num
        0.1274690000        1.0000000000
    1    Moment
    1    num
        0.0394000000        1.0000000000
    2    Moment
    6    num
      143.8650000000        0.0102370000
       46.1163000000        0.0760830000
       17.3694000000        0.2298070000
        6.9510700000        0.4033470000
        2.7560700000        0.4097280000
        1.0117800000        0.1627900000
    2    Moment
    1    num
        0.4291000000        1.0000000000
    2    Moment
    1    num
        0.1548000000        1.0000000000
Kr  ------------------------------------
   36    iatm
   12    NShl
    0    Moment
    6    num
     2953.7500000000        0.0024390000
      443.1400000000        0.0128680000
       60.2268000000        0.0634630000
       18.2113000000       -0.3849140000
        4.2286600000        0.6677030000
        1.9670300000        0.5244550000
    0    Moment
    6    num
     2953.7500000000       -0.0010480000
      443.1400000000       -0.0058030000
       60.2268000000       -0.0245890000
       18.2113000000        0.1562020000
        4.2286600000       -0.3742040000
        1.9670300000       -0.4126360000
    0    Moment
    1    num
        0.5141110000        1.0000000000
    0    Moment
    1    num
        0.1898500000        1.0000000000
    0    Moment
    1    num
        0.0571000000        1.0000000000
    1    Moment
    6    num
      111.0130000000        0.0060670000
       29.1923000000       -0.0832390000
        7.0812000000        0.4575930000
        2.9808900000        0.5551010000
        1.1049100000        0.1106640000
        0.4287160000       -0.0078940000
    1    Moment
    6    num
      111.0130000000       -0.0016020000
       29.1923000000        0.0243160000
        7.0812000000       -0.1594620000
        2.9808900000       -0.2199440000
        1.1049100000        0.1369710000
        0.4287160000        0.6096080000
    1    Moment
    1    num
        0.1428910000        1.0000000000
    1    Moment
    1    num
        0.0443000000        1.0000000000
    2    Moment
    6    num
      159.6040000000        0.0096730000
       50.7517000000        0.0749540000
       19.2789000000        0.2275310000
        7.7583600000        0.4035260000
        3.1064900000        0.4110820000
        1.1555800000        0.1588670000
    2    Moment
    1    num
        0.5000000000        1.0000000000
    2    Moment
    1    num
        0.1836000000        1.0000000000
Y   ------------------------------------
   39    iatm
   16    NShl
    0    Moment
    7    num
       29.2935000000        0.0066660000
       16.6827000000       -0.0497340000
       10.4235000000        0.1315590000
        3.0952600000       -0.5243820000
        0.7079710000        0.7863790000
        0.3225670000        0.4639580000
        0.0690850000        0.0204860000
    0    Moment
    7    num
       29.2935000000       -0.0013580000
       16.6827000000        0.0123920000
       10.4235000000       -0.0375720000
        3.0952600000        0.1741090000
        0.7079710000       -0.3385090000
        0.3225670000       -0.3354170000
        0.0690850000        0.6581470000
    0    Moment
    7    num
       29.2935000000        0.0112420000
       16.6827000000       -0.0574010000
       10.4235000000        0.1106480000
        3.0952600000       -0.3769430000
        0.7079710000        1.2026360000
        0.3225670000       -0.4875820000
        0.0690850000       -1.8636390000
    0    Moment
    1    num
        0.0274150000        1.0000000000
    0    Moment
    1    num
        0.0109000000        1.0000000000
    1    Moment
    6    num
        9.0271500000        0.0203960000
        4.0242700000       -0.1536620000
        0.9906740000        0.4320820000
        0.4727970000        0.4983480000
        0.2197340000        0.1957420000
        0.0800880000        0.0140830000
    1    Moment
    6    num
        9.0271500000       -0.0056190000
        4.0242700000        0.0465110000
        0.9906740000       -0.1495270000
        0.4727970000       -0.2243370000
        0.2197340000       -0.0114700000
        0.0800880000        0.6364970000
    1    Moment
    6    num
        9.0271500000        0.0111310000
        4.0242700000       -0.0963010000
        0.9906740000        0.2986850000
        0.4727970000        0.8892190000
        0.2197340000       -1.4854780000
        0.0800880000       -0.1131120000
    1    Moment
    1    num
        0.0306400000        1.0000000000
    1    Moment
    1    num
        0.0117000000        1.0000000000
    2    Moment
    5    num
        4.3045000000       -0.0043910000
        1.3201900000        0.1196820000
        0.5614050000        0.2962740000
        0.2267020000        0.3908730000
        0.0879490000        0.3539610000
    2    Moment
    5    num
        4.3045000000        0.0044330000
        1.3201900000       -0.1499100000
        0.5614050000       -0.3732930000
        0.2267020000       -0.3129870000
        0.0879490000        0.4218970000
    2    Moment
    1    num
        0.0323050000        1.0000000000
    2    Moment
    1    num
        0.0119000000        1.0000000000
    3    Moment
    1    num
        0.2028000000        1.0000000000
    3    Moment
    1    num
        0.0484000000        1.0000000000
Zr  ------------------------------------
   40    iatm
   16    NShl
    0    Moment
    7    num
       53.4460000000        0.0014860000
       17.0981000000       -0.0365920000
       10.6875000000        0.1321550000
        3.3913400000       -0.5464540000
        0.7884750000        0.8022910000
        0.3599820000        0.4583040000
        0.0777920000        0.0203880000
    0    Moment
    7    num
       53.4460000000       -0.0003080000
       17.0981000000        0.0096310000
       10.6875000000       -0.0390430000
        3.3913400000        0.1847170000
        0.7884750000       -0.3584690000
        0.3599820000       -0.3208280000
        0.0777920000        0.6560480000
    0    Moment
    7    num
       53.4460000000        0.0028110000
       17.0981000000       -0.0412920000
       10.6875000000        0.1148910000
        3.3913400000       -0.4348090000
        0.7884750000        1.4174320000
        0.3599820000       -0.7286190000
        0.0777920000       -1.6769590000
    0    Moment
    1    num
        0.0302340000        1.0000000000
    0    Moment
    1    num
        0.0118000000        1.0000000000
    1    Moment
    6    num
        9.9011600000        0.0214360000
        4.4181900000       -0.1604130000
        1.0931000000        0.4543260000
        0.5187860000        0.4991190000
        0.2363630000        0.1777830000
        0.0847070000        0.0104040000
    1    Moment
    6    num
        9.9011600000       -0.0058310000
        4.4181900000        0.0481520000
        1.0931000000       -0.1600800000
        0.5187860000       -0.2201350000
        0.2363630000        0.0355150000
        0.0847070000        0.6181780000
    1    Moment
    6    num
        9.9011600000       -0.0078290000
        4.4181900000        0.0660080000
        1.0931000000       -0.2113740000
        0.5187860000       -0.3575490000
        0.2363630000        0.1703870000
        0.0847070000        0.8518400000
    1    Moment
    1    num
        0.0311380000        1.0000000000
    1    Moment
    1    num
        0.0114000000        1.0000000000
    2    Moment
    5    num
        4.3948700000       -0.0082920000
        1.5708900000        0.1278490000
        0.6923540000        0.3219090000
        0.2904140000        0.3998190000
        0.1158780000        0.3194760000
    2    Moment
    5    num
        4.3948700000        0.0084760000
        1.5708900000       -0.1579890000
        0.6923540000       -0.3979000000
        0.2904140000       -0.2555990000
        0.1158780000        0.4914180000
    2    Moment
    1    num
        0.0429250000        1.0000000000
    2    Moment
    1    num
        0.0159000000        1.0000000000
    3    Moment
    1    num
        0.3272000000        1.0000000000
    3    Moment
    1    num
        0.0891000000        1.0000000000
Nb  ------------------------------------
   41    iatm
   16    NShl
    0    Moment
    7    num
       80.8096000000        0.0008890000
       17.9220000000       -0.0347930000
       11.2050000000        0.1389100000
        3.6990100000       -0.5655680000
        0.8712090000        0.8147210000
        0.3974440000        0.4547970000
        0.0854690000        0.0200510000
    0    Moment
    7    num
       80.8096000000       -0.0002000000
       17.9220000000        0.0093020000
       11.2050000000       -0.0414910000
        3.6990100000        0.1923710000
        0.8712090000       -0.3713520000
        0.3974440000       -0.3068350000
        0.0854690000        0.6546160000
    0    Moment
    7    num
       80.8096000000        0.0015640000
       17.9220000000       -0.0382840000
       11.2050000000        0.1209450000
        3.6990100000       -0.4647790000
        0.8712090000        1.5031600000
        0.3974440000       -0.8262330000
        0.0854690000       -1.5845850000
    0    Moment
    1    num
        0.0326640000        1.0000000000
    0    Moment
    1    num
        0.0125000000        1.0000000000
    1    Moment
    6    num
       10.6457000000        0.0234360000
        4.8235100000       -0.1683110000
        1.2030900000        0.4693810000
        0.5695080000        0.4980520000
        0.2569700000        0.1675400000
        0.0929460000        0.0087660000
    1    Moment
    6    num
       10.6457000000       -0.0064960000
        4.8235100000        0.0513810000
        1.2030900000       -0.1706080000
        0.5695080000       -0.2198720000
        0.2569700000        0.0561670000
        0.0929460000        0.6165950000
    1    Moment
    6    num
       10.6457000000       -0.0091300000
        4.8235100000        0.0732300000
        1.2030900000       -0.2370360000
        0.5695080000       -0.3685640000
        0.2569700000        0.2364390000
        0.0929460000        0.8267330000
    1    Moment
    1    num
        0.0338800000        1.0000000000
    1    Moment
    1    num
        0.0123000000        1.0000000000
    2    Moment
    5    num
        4.5456300000       -0.0104650000
        1.8272300000        0.1305530000
        0.8257640000        0.3347580000
        0.3551560000        0.4020270000
        0.1447240000        0.3008350000
    2    Moment
    5    num
        4.5456300000        0.0105280000
        1.8272300000       -0.1615000000
        0.8257640000       -0.4113720000
        0.3551560000       -0.2117820000
        0.1447240000        0.4861590000
    2    Moment
    1    num
        0.0543230000        1.0000000000
    2    Moment
    1    num
        0.0204000000        1.0000000000
    3    Moment
    1    num
        0.4690000000        1.0000000000
    3    Moment
    1    num
        0.1387000000        1.0000000000
Mo  ------------------------------------
   42    iatm
   16    NShl
    0    Moment
    7    num
      106.9780000000        0.0007350000
       18.8824000000       -0.0350900000
       11.8077000000        0.1473480000
        4.0211800000       -0.5833630000
        0.9568160000        0.8256350000
        0.4356920000        0.4523110000
        0.0925180000        0.0190550000
    0    Moment
    7    num
      106.9780000000       -0.0001760000
       18.8824000000        0.0093320000
       11.8077000000       -0.0438110000
        4.0211800000        0.1972320000
        0.9568160000       -0.3773110000
        0.4356920000       -0.2939670000
        0.0925180000        0.6498330000
    0    Moment
    7    num
      106.9780000000        0.0011660000
       18.8824000000       -0.0376070000
       11.8077000000        0.1259800000
        4.0211800000       -0.4752370000
        0.9568160000        1.4989830000
        0.4356920000       -0.8223450000
        0.0925180000       -1.5606240000
    0    Moment
    1    num
        0.0348540000        1.0000000000
    0    Moment
    1    num
        0.0131000000        1.0000000000
    1    Moment
    6    num
       11.4118000000        0.0253450000
        5.2453500000       -0.1752130000
        1.3188400000        0.4812720000
        0.6229830000        0.4972610000
        0.2791080000        0.1595550000
        0.1005260000        0.0075430000
    1    Moment
    6    num
       11.4118000000       -0.0070220000
        5.2453500000        0.0533390000
        1.3188400000       -0.1756430000
        0.6229830000       -0.2162130000
        0.2791080000        0.0679580000
        0.1005260000        0.6128160000
    1    Moment
    6    num
       11.4118000000       -0.0104200000
        5.2453500000        0.0798670000
        1.3188400000       -0.2629000000
        0.6229830000       -0.3651840000
        0.2791080000        0.2866730000
        0.1005260000        0.8002580000
    1    Moment
    1    num
        0.0362770000        1.0000000000
    1    Moment
    1    num
        0.0131000000        1.0000000000
    2    Moment
    5    num
        5.2576100000       -0.0147610000
        2.1046200000        0.1319820000
        0.9582010000        0.3470860000
        0.4140470000        0.4054710000
        0.1684500000        0.2880580000
    2    Moment
    5    num
        5.2576100000        0.0154390000
        2.1046200000       -0.1606210000
        0.9582010000       -0.4232290000
        0.4140470000       -0.1923390000
        0.1684500000        0.5314590000
    2    Moment
    1    num
        0.0623420000        1.0000000000
    2    Moment
    1    num
        0.0231000000        1.0000000000
    3    Moment
    1    num
        0.6007000000        1.0000000000
    3    Moment
    1    num
        0.1850000000        1.0000000000
Tc  ------------------------------------
   43    iatm
   16    NShl
    0    Moment
    7    num
      132.6560000000        0.0006860000
       19.8986000000       -0.0360010000
       12.4450000000        0.1564650000
        4.3605000000       -0.5995730000
        1.0443600000        0.8357100000
        0.4741590000        0.4490550000
        0.0987360000        0.0183780000
    0    Moment
    7    num
      132.6560000000       -0.0001680000
       19.8986000000        0.0093110000
       12.4450000000       -0.0455350000
        4.3605000000        0.1986020000
        1.0443600000       -0.3749740000
        0.4741590000       -0.2817600000
        0.0987360000        0.6329980000
    0    Moment
    7    num
      132.6560000000        0.0009800000
       19.8986000000       -0.0378410000
       12.4450000000        0.1317670000
        4.3605000000       -0.4834180000
        1.0443600000        1.4848540000
        0.4741590000       -0.8047310000
        0.0987360000       -1.5511910000
    0    Moment
    1    num
        0.0367360000        1.0000000000
    0    Moment
    1    num
        0.0137000000        1.0000000000
    1    Moment
    6    num
       12.1789000000        0.0273140000
        5.6848400000       -0.1814030000
        1.4398300000        0.4908910000
        0.6789090000        0.4965410000
        0.3025150000        0.1532990000
        0.1073070000        0.0067000000
    1    Moment
    6    num
       12.1789000000       -0.0074300000
        5.6848400000        0.0541370000
        1.4398300000       -0.1762270000
        0.6789090000       -0.2096540000
        0.3025150000        0.0734980000
        0.1073070000        0.6070490000
    1    Moment
    6    num
       12.1789000000       -0.0116300000
        5.6848400000        0.0854050000
        1.4398300000       -0.2844050000
        0.6789090000       -0.3578760000
        0.3025150000        0.3260330000
        0.1073070000        0.7801240000
    1    Moment
    1    num
        0.0381770000        1.0000000000
    1    Moment
    1    num
        0.0136000000        1.0000000000
    2    Moment
    5    num
        5.7601300000       -0.0164110000
        2.3642400000        0.1344070000
        1.0887100000        0.3547260000
        0.4740600000        0.4044790000
        0.1936070000        0.2788770000
    2    Moment
    5    num
        5.7601300000        0.0169910000
        2.3642400000       -0.1548960000
        1.0887100000       -0.4281920000
        0.4740600000       -0.1789920000
        0.1936070000        0.5346560000
    2    Moment
    1    num
        0.0714600000        1.0000000000
    2    Moment
    1    num
        0.0264000000        1.0000000000
    3    Moment
    1    num
        0.7228000000        1.0000000000
    3    Moment
    1    num
        0.2272000000        1.0000000000
Ru  ------------------------------------
   44    iatm
   16    NShl
    0    Moment
    7    num
      159.3720000000        0.0006730000
       20.9016000000       -0.0371610000
       13.0741000000        0.1665170000
        4.7147400000       -0.6159540000
        1.1361200000        0.8428300000
        0.5154640000        0.4477630000
        0.1067670000        0.0184450000
    0    Moment
    7    num
      159.3720000000       -0.0001690000
       20.9016000000        0.0093920000
       13.0741000000       -0.0477130000
        4.7147400000        0.2011130000
        1.1361200000       -0.3734210000
        0.5154640000       -0.2738590000
        0.1067670000        0.6093840000
    0    Moment
    7    num
      159.3720000000        0.0008950000
       20.9016000000       -0.0396350000
       13.0741000000        0.1442430000
        4.7147400000       -0.5192870000
        1.1361200000        1.5854040000
        0.5154640000       -0.9082030000
        0.1067670000       -1.4720020000
    0    Moment
    1    num
        0.0392180000        1.0000000000
    0    Moment
    1    num
        0.0144000000        1.0000000000
    1    Moment
    6    num
       12.8738000000        0.0299680000
        6.1475000000       -0.1879300000
        1.5652400000        0.4999900000
        0.7361940000        0.4957320000
        0.3263170000        0.1475150000
        0.1124070000        0.0060880000
    1    Moment
    6    num
       12.8738000000       -0.0078010000
        6.1475000000        0.0536560000
        1.5652400000       -0.1719400000
        0.7361940000       -0.1991700000
        0.3263170000        0.0744110000
        0.1124070000        0.5971370000
    1    Moment
    6    num
       12.8738000000       -0.0135020000
        6.1475000000        0.0937330000
        1.5652400000       -0.3159100000
        0.7361940000       -0.3618000000
        0.3263170000        0.4008770000
        0.1124070000        0.7537660000
    1    Moment
    1    num
        0.0391720000        1.0000000000
    1    Moment
    1    num
        0.0137000000        1.0000000000
    2    Moment
    5    num
        6.2126500000       -0.0245970000
        2.7853900000        0.1273340000
        1.2685100000        0.3570810000
        0.5517900000        0.4082070000
        0.2247310000        0.2812400000
    2    Moment
    5    num
        6.2126500000        0.0261160000
        2.7853900000       -0.1459400000
        1.2685100000       -0.4425210000
        0.5517900000       -0.1690200000
        0.2247310000        0.5052370000
    2    Moment
    1    num
        0.0824110000        1.0000000000
    2    Moment
    1    num
        0.0302000000        1.0000000000
    3    Moment
    1    num
        0.8500000000        1.0000000000
    3    Moment
    1    num
        0.2719000000        1.0000000000
Rh  ------------------------------------
   45    iatm
   16    NShl
    0    Moment
    7    num
      184.6660000000        0.0006920000
       21.9974000000       -0.0383930000
       13.7616000000        0.1760190000
        5.0872000000       -0.6299250000
        1.2294000000        0.8495440000
        0.5568140000        0.4457290000
        0.1140670000        0.0182040000
    0    Moment
    7    num
      184.6660000000       -0.0001780000
       21.9974000000        0.0094560000
       13.7616000000       -0.0494720000
        5.0872000000        0.2018670000
        1.2294000000       -0.3698090000
        0.5568140000       -0.2653310000
        0.1140670000        0.5891540000
    0    Moment
    7    num
      184.6660000000        0.0008370000
       21.9974000000       -0.0402860000
       13.7616000000        0.1506490000
        5.0872000000       -0.5268510000
        1.2294000000        1.5723820000
        0.5568140000       -0.8876430000
        0.1140670000       -1.4709450000
    0    Moment
    1    num
        0.0414150000        1.0000000000
    0    Moment
    1    num
        0.0150000000        1.0000000000
    1    Moment
    6    num
       13.6985000000        0.0318210000
        6.6247600000       -0.1930280000
        1.6961300000        0.5062420000
        0.7973510000        0.4949020000
        0.3520340000        0.1440300000
        0.1233420000        0.0056080000
    1    Moment
    6    num
       13.6985000000       -0.0085830000
        6.6247600000        0.0568110000
        1.6961300000       -0.1801720000
        0.7973510000       -0.2034110000
        0.3520340000        0.0848180000
        0.1233420000        0.6010570000
    1    Moment
    6    num
       13.6985000000       -0.0151640000
        6.6247600000        0.1011250000
        1.6961300000       -0.3456410000
        0.7973510000       -0.3454850000
        0.3520340000        0.4221020000
        0.1233420000        0.7304790000
    1    Moment
    1    num
        0.0431300000        1.0000000000
    1    Moment
    1    num
        0.0151000000        1.0000000000
    2    Moment
    5    num
       18.7370000000        0.0064810000
       11.7046000000       -0.0139420000
        2.2555800000        0.2506820000
        0.9494110000        0.4511110000
        0.3661640000        0.3839990000
    2    Moment
    5    num
       18.7370000000       -0.0075900000
       11.7046000000        0.0162940000
        2.2555800000       -0.3347730000
        0.9494110000       -0.4463960000
        0.3661640000        0.3299670000
    2    Moment
    1    num
        0.1239770000        1.0000000000
    2    Moment
    1    num
        0.0420000000        1.0000000000
    3    Moment
    1    num
        0.9936000000        1.0000000000
    3    Moment
    1    num
        0.3222000000        1.0000000000
Pd  ------------------------------------
   46    iatm
   16    NShl
    0    Moment
    7    num
      208.1230000000        0.0007270000
       22.8525000000       -0.0409280000
       14.2986000000        0.1922850000
        5.4880100000       -0.6501040000
        1.3253200000        0.8565530000
        0.5989570000        0.4438760000
        0.1209830000        0.0178500000
    0    Moment
    7    num
      208.1230000000       -0.0001890000
       22.8525000000        0.0098180000
       14.2986000000       -0.0528760000
        5.4880100000        0.2035110000
        1.3253200000       -0.3639350000
        0.5989570000       -0.2582190000
        0.1209830000        0.5704320000
    0    Moment
    7    num
      208.1230000000        0.0008000000
       22.8525000000       -0.0417810000
       14.2986000000        0.1593620000
        5.4880100000       -0.5231230000
        1.3253200000        1.4917730000
        0.5989570000       -0.7916960000
        0.1209830000       -1.5172540000
    0    Moment
    1    num
        0.0434590000        1.0000000000
    0    Moment
    1    num
        0.0156000000        1.0000000000
    1    Moment
    6    num
       14.0509000000        0.0379970000
        7.1390600000       -0.2040770000
        1.8300700000        0.5137680000
        0.8583350000        0.4942400000
        0.3772750000        0.1402910000
        0.1256960000        0.0051570000
    1    Moment
    6    num
       14.0509000000       -0.0093130000
        7.1390600000        0.0546710000
        1.8300700000       -0.1661610000
        0.8583350000       -0.1858420000
        0.3772750000        0.0731610000
        0.1256960000        0.5861720000
    1    Moment
    6    num
       14.0509000000       -0.0186030000
        7.1390600000        0.1098650000
        1.8300700000       -0.3664000000
        0.8583350000       -0.3473160000
        0.3772750000        0.4820340000
        0.1256960000        0.7096400000
    1    Moment
    1    num
        0.0426590000        1.0000000000
    1    Moment
    1    num
        0.0145000000        1.0000000000
    2    Moment
    5    num
       19.2539000000        0.0066240000
       10.5848000000       -0.0184110000
        2.4561900000        0.2633960000
        1.0352900000        0.4524480000
        0.4020080000        0.3758330000
    2    Moment
    5    num
       19.2539000000       -0.0078390000
       10.5848000000        0.0218380000
        2.4561900000       -0.3691550000
        1.0352900000       -0.4309590000
        0.4020080000        0.3749650000
    2    Moment
    1    num
        0.1370570000        1.0000000000
    2    Moment
    1    num
        0.0467000000        1.0000000000
    3    Moment
    1    num
        1.1484000000        1.0000000000
    3    Moment
    1    num
        0.3788000000        1.0000000000
Ag  ------------------------------------
   47    iatm
   16    NShl
    0    Moment
    7    num
      180.0750000000        0.0008490000
       21.8987000000       -0.0654500000
       13.8670000000        0.2977650000
        6.1426300000       -0.7531210000
        1.4381400000        0.8811750000
        0.6483820000        0.4351760000
        0.1288820000        0.0147380000
    0    Moment
    7    num
      180.0750000000       -0.0002030000
       21.8987000000        0.0157230000
       13.8670000000       -0.0792290000
        6.1426300000        0.2226340000
        1.4381400000       -0.3491960000
        0.6483820000       -0.2559780000
        0.1288820000        0.5486660000
    0    Moment
    7    num
      180.0750000000       -0.0008620000
       21.8987000000        0.0525460000
       13.8670000000       -0.2081000000
        6.1426300000        0.5249720000
        1.4381400000       -1.2701730000
        0.6483820000        0.5393730000
        0.1288820000        1.6533910000
    0    Moment
    1    num
        0.0457380000        1.0000000000
    0    Moment
    1    num
        0.0162000000        1.0000000000
    1    Moment
    6    num
       11.8751000000        0.1162480000
        8.0024500000       -0.3072860000
        2.0176600000        0.5157360000
        0.9542300000        0.5031040000
        0.4231180000        0.1420950000
        0.1358850000        0.0051530000
    1    Moment
    6    num
       11.8751000000       -0.0282840000
        8.0024500000        0.0783470000
        2.0176600000       -0.1567410000
        0.9542300000       -0.1886250000
        0.4231180000        0.0635650000
        0.1358850000        0.5817780000
    1    Moment
    6    num
       11.8751000000       -0.0528570000
        8.0024500000        0.1470390000
        2.0176600000       -0.3129730000
        0.9542300000       -0.3708280000
        0.4231180000        0.4236290000
        0.1358850000        0.7536550000
    1    Moment
    1    num
        0.0454010000        1.0000000000
    1    Moment
    1    num
        0.0152000000        1.0000000000
    2    Moment
    5    num
       26.4320000000        0.0034790000
       11.0345000000       -0.0138480000
        2.7378700000        0.2545990000
        1.1957500000        0.4498490000
        0.4820420000        0.3757380000
    2    Moment
    5    num
       26.4320000000       -0.0047330000
       11.0345000000        0.0190700000
        2.7378700000       -0.4332980000
        1.1957500000       -0.4445680000
        0.4820420000        0.4914420000
    2    Moment
    1    num
        0.1729080000        1.0000000000
    2    Moment
    1    num
        0.0620000000        1.0000000000
    3    Moment
    1    num
        1.3299000000        1.0000000000
    3    Moment
    1    num
        0.4449000000        1.0000000000
Cd  ------------------------------------
   48    iatm
   16    NShl
    0    Moment
    7    num
      223.8530000000        0.0008710000
       23.0948000000       -0.0643070000
       14.6522000000        0.3013160000
        6.5704440000       -0.7605240000
        1.5378300000        0.8940710000
        0.6909840000        0.4278790000
        0.1349130000        0.0101880000
    0    Moment
    7    num
      223.8530000000       -0.0002290000
       23.0948000000        0.0155940000
       14.6522000000       -0.0810470000
        6.5704440000        0.2272510000
        1.5378300000       -0.3625630000
        0.6909840000       -0.2507830000
        0.1349130000        0.6135330000
    0    Moment
    7    num
      223.8530000000        0.0010770000
       23.0948000000       -0.0716490000
       14.6522000000        0.2889750000
        6.5704440000       -0.7315460000
        1.5378300000        1.9768990000
        0.6909840000       -1.3519510000
        0.1349130000       -1.1186740000
    0    Moment
    1    num
        0.0474420000        1.0000000000
    0    Moment
    1    num
        0.0167000000        1.0000000000
    1    Moment
    6    num
       13.7175000000        0.0776160000
        8.4632200000       -0.2579430000
        2.1182000000        0.5352740000
        0.9892620000        0.4963620000
        0.4317810000        0.1231090000
        0.1391600000        0.0032100000
    1    Moment
    6    num
       13.7175000000       -0.0180110000
        8.4632200000        0.0637170000
        2.1182000000       -0.1587410000
        0.9892620000       -0.1762800000
        0.4317810000        0.0710060000
        0.1391600000        0.5775860000
    1    Moment
    6    num
       13.7175000000       -0.0307300000
        8.4632200000        0.1087440000
        2.1182000000       -0.2782310000
        0.9892620000       -0.3293900000
        0.4317810000        0.3546300000
        0.1391600000        0.7814580000
    1    Moment
    1    num
        0.0461490000        1.0000000000
    1    Moment
    1    num
        0.0153000000        1.0000000000
    2    Moment
    5    num
       31.6697000000        0.0031630000
       12.2214000000       -0.0117910000
        3.1219900000        0.2411940000
        1.3894100000        0.4489980000
        0.5732030000        0.3802110000
    2    Moment
    5    num
       31.6697000000       -0.0048710000
       12.2214000000        0.0185820000
        3.1219900000       -0.4766730000
        1.3894100000       -0.4576040000
        0.5732030000        0.5714620000
    2    Moment
    1    num
        0.2117080000        1.0000000000
    2    Moment
    1    num
        0.0782000000        1.0000000000
    3    Moment
    1    num
        1.5393000000        1.0000000000
    3    Moment
    1    num
        0.5177000000        1.0000000000
In  ------------------------------------
   49    iatm
   12    NShl
    0    Moment
    6    num
      265.1310000000        0.0007700000
       25.5694000000       -0.0527910000
       16.0041000000        0.2593430000
        6.8188500000       -0.7392890000
        1.6667600000        0.8857730000
        0.7692320000        0.4425920000
    0    Moment
    6    num
      265.1310000000       -0.0002300000
       25.5694000000        0.0140880000
       16.0041000000       -0.0786150000
        6.8188500000        0.2528640000
        1.6667600000       -0.4155450000
        0.7692320000       -0.2966470000
    0    Moment
    1    num
        0.1704150000        1.0000000000
    0    Moment
    1    num
        0.0622300000        1.0000000000
    0    Moment
    1    num
        0.0203000000        1.0000000000
    1    Moment
    5    num
       14.4691000000        0.0901770000
        9.2808300000       -0.2676420000
        2.0820100000        0.6644830000
        0.8443140000        0.4616900000
        0.1869000000        0.0270590000
    1    Moment
    5    num
       14.4691000000       -0.0190230000
        9.2808300000        0.0591570000
        2.0820100000       -0.1807490000
        0.8443140000       -0.1145820000
        0.1869000000        0.4407390000
    1    Moment
    1    num
        0.0547770000        1.0000000000
    1    Moment
    1    num
        0.0141000000        1.0000000000
    2    Moment
    5    num
       30.7879000000        0.0057660000
       19.2555000000       -0.0107080000
        3.1966200000        0.2938600000
        1.3321000000        0.5108690000
        0.5046190000        0.3415190000
    2    Moment
    1    num
        0.1498000000        1.0000000000
    2    Moment
    1    num
        0.0472000000        1.0000000000
Sn  ------------------------------------
   50    iatm
   12    NShl
    0    Moment
    6    num
      380.3660000000        0.0011650000
       28.5822000000       -0.0260060000
       17.8892000000        0.1660430000
        6.9286200000       -0.6589140000
        1.7839100000        0.8693360000
        0.8431380000        0.4521320000
    0    Moment
    6    num
      380.3660000000       -0.0004420000
       28.5822000000        0.0057020000
       17.8892000000       -0.0528940000
        6.9286200000        0.2520870000
        1.7839100000       -0.4703430000
        0.8431380000       -0.3161440000
    0    Moment
    1    num
        0.2052280000        1.0000000000
    0    Moment
    1    num
        0.0766360000        1.0000000000
    0    Moment
    1    num
        0.0275000000        1.0000000000
    1    Moment
    5    num
       18.5489000000        0.0370210000
        9.5669600000       -0.1938660000
        2.2186100000        0.6575940000
        0.9214590000        0.4555060000
        0.2178580000        0.0272160000
    1    Moment
    5    num
       18.5489000000       -0.0090520000
        9.5669600000        0.0517620000
        2.2186100000       -0.2217430000
        0.9214590000       -0.1242790000
        0.2178580000        0.5218530000
    1    Moment
    1    num
        0.0693200000        1.0000000000
    1    Moment
    1    num
        0.0209000000        1.0000000000
    2    Moment
    5    num
       38.5626000000        0.0042610000
       21.7613000000       -0.0068970000
        3.6611100000        0.2762770000
        1.5583300000        0.5143230000
        0.6095230000        0.3445590000
    2    Moment
    1    num
        0.1897000000        1.0000000000
    2    Moment
    1    num
        0.0649000000        1.0000000000
Sb  ------------------------------------
   51    iatm
   12    NShl
    0    Moment
    6    num
      371.5840000000        0.0015910000
       26.5392000000       -0.0416840000
       16.6213000000        0.2733430000
        7.7355100000       -0.7676850000
        1.8923400000        0.8994960000
        0.9104310000        0.4313870000
    0    Moment
    6    num
      371.5840000000        0.0006540000
       26.5392000000       -0.0109620000
       16.6213000000        0.0938330000
        7.7355100000       -0.3040090000
        1.8923400000        0.5084090000
        0.9104310000        0.3392390000
    0    Moment
    1    num
        0.2442310000        1.0000000000
    0    Moment
    1    num
        0.0923970000        1.0000000000
    0    Moment
    1    num
        0.0327000000        1.0000000000
    1    Moment
    5    num
       16.0509000000        0.0921570000
       10.2621000000       -0.2755590000
        2.4283200000        0.6586400000
        1.0336000000        0.4668920000
        0.2594400000        0.0285110000
    1    Moment
    5    num
       16.0509000000       -0.0253130000
       10.2621000000        0.0797960000
        2.4283200000       -0.2420940000
        1.0336000000       -0.1486050000
        0.2594400000        0.5489440000
    1    Moment
    1    num
        0.0861080000        1.0000000000
    1    Moment
    1    num
        0.0271000000        1.0000000000
    2    Moment
    5    num
       45.4785000000        0.0032590000
       18.5114000000       -0.0054970000
        3.9160000000        0.2799530000
        1.7148200000        0.5127510000
        0.6973190000        0.3328720000
    2    Moment
    1    num
        0.2304000000        1.0000000000
    2    Moment
    1    num
        0.0802000000        1.0000000000
Te  ------------------------------------
   52    iatm
   12    NShl
    0    Moment
    6    num
     2111.1900000000        0.0006120000
      311.6910000000        0.0032070000
       13.8226000000        0.4055120000
        8.7174800000       -0.9325880000
        1.9830300000        0.9196570000
        0.9703770000        0.4046710000
    0    Moment
    6    num
     2111.1900000000        0.0002510000
      311.6910000000        0.0014570000
       13.8226000000        0.1637020000
        8.7174800000       -0.3984550000
        1.9830300000        0.5780740000
        0.9703770000        0.3271240000
    0    Moment
    1    num
        0.2797650000        1.0000000000
    0    Moment
    1    num
        0.1067760000        1.0000000000
    0    Moment
    1    num
        0.0369000000        1.0000000000
    1    Moment
    5    num
       17.0629000000        0.0893400000
       10.8306000000       -0.2711680000
        2.5938000000        0.6620230000
        1.1267600000        0.4607440000
        0.3001760000        0.0288090000
    1    Moment
    5    num
       17.0629000000       -0.0268610000
       10.8306000000        0.0863040000
        2.5938000000       -0.2735020000
        1.1267600000       -0.1513900000
        0.3001760000        0.5839760000
    1    Moment
    1    num
        0.0975510000        1.0000000000
    1    Moment
    1    num
        0.0299000000        1.0000000000
    2    Moment
    5    num
       50.9106000000        0.0033540000
       18.4647000000       -0.0036420000
        4.2761700000        0.2780800000
        1.8977000000        0.5163480000
        0.7864800000        0.3265710000
    2    Moment
    1    num
        0.2638000000        1.0000000000
    2    Moment
    1    num
        0.0988000000        1.0000000000
I   ------------------------------------
   53    iatm
   12    NShl
    0    Moment
    6    num
     2449.7900000000        0.0004190000
      359.8080000000        0.0022400000
       14.4058000000        0.3972230000
        9.0763200000       -0.9322490000
        2.0881000000        0.9371380000
        1.0349800000        0.3920860000
    0    Moment
    6    num
     2449.7900000000        0.0001750000
      359.8080000000        0.0010570000
       14.4058000000        0.1690000000
        9.0763200000       -0.4217930000
        2.0881000000        0.6388640000
        1.0349800000        0.3201150000
    0    Moment
    1    num
        0.3162840000        1.0000000000
    0    Moment
    1    num
        0.1217190000        1.0000000000
    0    Moment
    1    num
        0.0420000000        1.0000000000
    1    Moment
    5    num
       19.5301000000        0.0589340000
       11.0882000000       -0.2309300000
        2.7156300000        0.6648010000
        1.2043000000        0.4506730000
        0.3399450000        0.0289800000
    1    Moment
    5    num
       19.5301000000       -0.0188360000
       11.0882000000        0.0800060000
        2.7156300000       -0.3066520000
        1.2043000000       -0.1475940000
        0.3399450000        0.6075060000
    1    Moment
    1    num
        0.1108810000        1.0000000000
    1    Moment
    1    num
        0.0338000000        1.0000000000
    2    Moment
    5    num
       45.4765000000        0.0042660000
       13.1928000000       -0.0136250000
        4.2274100000        0.3097560000
        1.9428000000        0.5097720000
        0.8397710000        0.2974610000
    2    Moment
    1    num
        0.3000000000        1.0000000000
    2    Moment
    1    num
        0.1191000000        1.0000000000
Xe  ------------------------------------
   54    iatm
   12    NShl
    0    Moment
    6    num
     2058.3200000000        0.0009380000
      307.4270000000        0.0044200000
       15.7815000000        0.3543950000
        9.5447000000       -0.8885140000
        2.2296900000        0.9496240000
        1.1120000000        0.3810660000
    0    Moment
    6    num
     2058.3200000000       -0.0004380000
      307.4270000000       -0.0022770000
       15.7815000000       -0.1557960000
        9.5447000000        0.4175780000
        2.2296900000       -0.6793250000
        1.1120000000       -0.3183090000
    0    Moment
    1    num
        0.3554300000        1.0000000000
    0    Moment
    1    num
        0.1377260000        1.0000000000
    0    Moment
    1    num
        0.0473000000        1.0000000000
    1    Moment
    5    num
       20.1725000000        0.0687400000
       11.8122000000       -0.2446140000
        2.9346000000        0.6676480000
        1.3189000000        0.4501800000
        0.3858160000        0.0286890000
    1    Moment
    5    num
       20.1725000000       -0.0229670000
       11.8122000000        0.0881150000
        2.9346000000       -0.3233110000
        1.3189000000       -0.1542280000
        0.3858160000        0.6228820000
    1    Moment
    1    num
        0.1269610000        1.0000000000
    1    Moment
    1    num
        0.0379000000        1.0000000000
    2    Moment
    5    num
       52.6666000000        0.0048070000
       14.3464000000       -0.0045170000
        4.8159700000        0.3015100000
        2.2149600000        0.5120370000
        0.9611280000        0.2990900000
    2    Moment
    1    num
        0.3412000000        1.0000000000
    2    Moment
    1    num
        0.1404000000        1.0000000000
Hf  ------------------------------------
   72    iatm
   16    NShl
    0    Moment
    7    num
       29.2650000000        0.0294330000
       18.3491000000       -0.1987340000
       11.5257000000        0.4359330000
        4.3859900000       -0.7730970000
        0.8910800000        0.8677580000
        0.4057400000        0.4202920000
        0.0950670000        0.0131930000
    0    Moment
    7    num
       29.2650000000       -0.0090770000
       18.3491000000        0.0611920000
       11.5257000000       -0.1354740000
        4.3859900000        0.2530470000
        0.8910800000       -0.3699320000
        0.4057400000       -0.3314430000
        0.0950670000        0.6577990000
    0    Moment
    7    num
       29.2650000000        0.0309420000
       18.3491000000       -0.1631770000
       11.5257000000        0.3100050000
        4.3859900000       -0.5289420000
        0.8910800000        1.2562440000
        0.4057400000       -0.4970260000
        0.0950670000       -1.8102840000
    0    Moment
    1    num
        0.0358680000        1.0000000000
    0    Moment
    1    num
        0.0135000000        1.0000000000
    1    Moment
    6    num
        7.1199600000        0.1786130000
        4.6018200000       -0.5085500000
        2.9004600000        0.1812060000
        0.9377910000        0.6364370000
        0.3915000000        0.4348840000
        0.1071520000        0.0442170000
    1    Moment
    6    num
        7.1199600000       -0.0485910000
        4.6018200000        0.1398590000
        2.9004600000       -0.0462230000
        0.9377910000       -0.2282940000
        0.3915000000       -0.1575630000
        0.1071520000        0.5288190000
    1    Moment
    6    num
        7.1199600000       -0.0658780000
        4.6018200000        0.1871460000
        2.9004600000       -0.0488380000
        0.9377910000       -0.3615180000
        0.3915000000       -0.1743340000
        0.1071520000        0.9190410000
    1    Moment
    1    num
        0.0367710000        1.0000000000
    1    Moment
    1    num
        0.0126000000        1.0000000000
    2    Moment
    5    num
        7.4982700000        0.0144910000
        4.6961800000       -0.0529680000
        1.0636000000        0.2380440000
        0.4188210000        0.4352750000
        0.1545660000        0.4244200000
    2    Moment
    5    num
        7.4982700000       -0.0165460000
        4.6961800000        0.0618730000
        1.0636000000       -0.3167410000
        0.4188210000       -0.5274120000
        0.1545660000        0.3428660000
    2    Moment
    1    num
        0.0526440000        1.0000000000
    2    Moment
    1    num
        0.0179000000        1.0000000000
    3    Moment
    1    num
        0.2700000000        1.0000000000
    3    Moment
    1    num
        0.0824000000        1.0000000000
Ta  ------------------------------------
   73    iatm
   16    NShl
    0    Moment
    7    num
       29.8670000000        0.0287250000
       18.7203000000       -0.1985810000
       11.7533000000        0.4482880000
        4.5708900000       -0.7983960000
        0.9478400000        0.8861040000
        0.4340380000        0.4136940000
        0.1050310000        0.0121460000
    0    Moment
    7    num
       29.8670000000       -0.0091320000
       18.7203000000        0.0630170000
       11.7533000000       -0.1437480000
        4.5708900000        0.2705360000
        0.9478400000       -0.4015970000
        0.4340380000       -0.3195670000
        0.1050310000        0.6651050000
    0    Moment
    7    num
       29.8670000000        0.0324720000
       18.7203000000       -0.1723550000
       11.7533000000        0.3341840000
        4.5708900000       -0.5725580000
        0.9478400000        1.3652610000
        0.4340380000       -0.6032250000
        0.1050310000       -1.7315730000
    0    Moment
    1    num
        0.0389480000        1.0000000000
    0    Moment
    1    num
        0.0144000000        1.0000000000
    1    Moment
    6    num
        7.3652400000        0.1796820000
        4.7544000000       -0.5211000000
        2.9959500000        0.1911040000
        0.9941230000        0.6464550000
        0.4196000000        0.4240400000
        0.1182390000        0.0425600000
    1    Moment
    6    num
        7.3652400000       -0.0508780000
        4.7544000000        0.1495500000
        2.9959500000       -0.0507540000
        0.9941230000       -0.2483790000
        0.4196000000       -0.1478010000
        0.1182390000        0.5415390000
    1    Moment
    6    num
        7.3652400000       -0.0697670000
        4.7544000000        0.2016550000
        2.9959500000       -0.0482900000
        0.9941230000       -0.4247200000
        0.4196000000       -0.1275720000
        0.1182390000        0.9415430000
    1    Moment
    1    num
        0.0401010000        1.0000000000
    1    Moment
    1    num
        0.0136000000        1.0000000000
    2    Moment
    5    num
        7.5616000000        0.0178690000
        4.7408700000       -0.0661360000
        1.1697500000        0.2554580000
        0.4793100000        0.4454920000
        0.1837040000        0.4029670000
    2    Moment
    5    num
        7.5616000000       -0.0205840000
        4.7408700000        0.0780240000
        1.1697500000       -0.3544000000
        0.4793100000       -0.5155940000
        0.1837040000        0.4207610000
    2    Moment
    1    num
        0.0644090000        1.0000000000
    2    Moment
    1    num
        0.0226000000        1.0000000000
    3    Moment
    1    num
        0.3735000000        1.0000000000
    3    Moment
    1    num
        0.1286000000        1.0000000000
W   ------------------------------------
   74    iatm
   16    NShl
    0    Moment
    7    num
       31.1844000000        0.0268990000
       19.5385000000       -0.1892380000
       12.2602000000        0.4339650000
        4.7203700000       -0.8043720000
        1.0095700000        0.9015400000
        0.4634560000        0.4101950000
        0.1137920000        0.0110440000
    0    Moment
    7    num
       31.1844000000       -0.0086330000
       19.5385000000        0.0609770000
       12.2602000000       -0.1418640000
        4.7203700000        0.2797320000
        1.0095700000       -0.4285050000
        0.4634560000       -0.3050150000
        0.1137920000        0.6713040000
    0    Moment
    7    num
       31.1844000000        0.0314780000
       19.5385000000       -0.1676990000
       12.2602000000        0.3282920000
        4.7203700000       -0.5865250000
        1.0095700000        1.4154490000
        0.4634560000       -0.6488270000
        0.1137920000       -1.6892530000
    0    Moment
    1    num
        0.0416420000        1.0000000000
    0    Moment
    1    num
        0.0152000000        1.0000000000
    1    Moment
    6    num
        7.7873800000        0.1852090000
        5.0493000000       -0.5283120000
        3.1860200000        0.1871580000
        1.0593700000        0.6560130000
        0.4491060000        0.4179250000
        0.1276250000        0.0409650000
    1    Moment
    6    num
        7.7873800000       -0.0535080000
        5.0493000000        0.1546790000
        3.1860200000       -0.0504270000
        1.0593700000       -0.2604500000
        0.4491060000       -0.1384050000
        0.1276250000        0.5459010000
    1    Moment
    6    num
        7.7873800000       -0.0749390000
        5.0493000000        0.2120220000
        3.1860200000       -0.0424460000
        1.0593700000       -0.4793750000
        0.4491060000       -0.0766750000
        0.1276250000        0.9477960000
    1    Moment
    1    num
        0.0427440000        1.0000000000
    1    Moment
    1    num
        0.0143000000        1.0000000000
    2    Moment
    5    num
        8.3098300000        0.0219490000
        5.2246300000       -0.0773760000
        1.2952900000        0.2632410000
        0.5397610000        0.4595460000
        0.2089270000        0.3922120000
    2    Moment
    5    num
        8.3098300000       -0.0263810000
        5.2246300000        0.0952520000
        1.2952900000       -0.3960520000
        0.5397610000       -0.5079960000
        0.2089270000        0.5236000000
    2    Moment
    1    num
        0.0731130000        1.0000000000
    2    Moment
    1    num
        0.0256000000        1.0000000000
    3    Moment
    1    num
        0.4769000000        1.0000000000
    3    Moment
    1    num
        0.1768000000        1.0000000000
Re  ------------------------------------
   75    iatm
   16    NShl
    0    Moment
    7    num
       33.0133000000        0.0221330000
       20.6658000000       -0.1618310000
       12.9498000000        0.3812300000
        4.7782300000       -0.7875220000
        1.0858000000        0.8980810000
        0.5000250000        0.4224690000
        0.1210690000        0.0172060000
    0    Moment
    7    num
       33.0133000000       -0.0070680000
       20.6658000000        0.0530520000
       12.9498000000       -0.1282310000
        4.7782300000        0.2853960000
        1.0858000000       -0.4487810000
        0.5000250000       -0.2976680000
        0.1210690000        0.6634730000
    0    Moment
    7    num
       33.0133000000        0.0274240000
       20.6658000000       -0.1468310000
       12.9498000000        0.2908580000
        4.7782300000       -0.5801000000
        1.0858000000        1.4204980000
        0.5000250000       -0.6321790000
        0.1210690000       -1.6875030000
    0    Moment
    1    num
        0.0438810000        1.0000000000
    0    Moment
    1    num
        0.0159000000        1.0000000000
    1    Moment
    6    num
        8.6759800000        0.1394900000
        5.6538200000       -0.3569770000
        1.4063900000        0.4818040000
        0.6920560000        0.5117960000
        0.3163520000        0.1708180000
        0.1093090000        0.0097820000
    1    Moment
    6    num
        8.6759800000       -0.0412390000
        5.6538200000        0.1083450000
        1.4063900000       -0.1688840000
        0.6920560000       -0.2386860000
        0.3163520000        0.0632430000
        0.1093090000        0.6102210000
    1    Moment
    6    num
        8.6759800000       -0.0651350000
        5.6538200000        0.1725300000
        1.4063900000       -0.2649320000
        0.6920560000       -0.4743410000
        0.3163520000        0.3991830000
        0.1093090000        0.8030920000
    1    Moment
    1    num
        0.0385810000        1.0000000000
    1    Moment
    1    num
        0.0136000000        1.0000000000
    2    Moment
    5    num
        8.6719700000        0.0171910000
        5.4414200000       -0.0665390000
        1.3750800000        0.2711570000
        0.5838300000        0.4487710000
        0.2293620000        0.3778590000
    2    Moment
    5    num
        8.6719700000       -0.0203340000
        5.4414200000        0.0775390000
        1.3750800000       -0.3686920000
        0.5838300000       -0.4745880000
        0.2293620000        0.4599950000
    2    Moment
    1    num
        0.0808850000        1.0000000000
    2    Moment
    1    num
        0.0285000000        1.0000000000
    3    Moment
    1    num
        0.5533000000        1.0000000000
    3    Moment
    1    num
        0.2126000000        1.0000000000
Os  ------------------------------------
   76    iatm
   16    NShl
    0    Moment
    7    num
       34.5933000000        0.0194050000
       21.6442000000       -0.1468750000
       13.5521000000        0.3551890000
        4.8950800000       -0.7883690000
        1.1634600000        0.9033000000
        0.5380840000        0.4302560000
        0.1306730000        0.0181640000
    0    Moment
    7    num
       34.5933000000       -0.0059240000
       21.6442000000        0.0475810000
       13.5521000000       -0.1198590000
        4.8950800000        0.2905900000
        1.1634600000       -0.4633260000
        0.5380840000       -0.2910580000
        0.1306730000        0.6489970000
    0    Moment
    7    num
       34.5933000000        0.0286790000
       21.6442000000       -0.1533520000
       13.5521000000        0.3066570000
        4.8950800000       -0.6590400000
        1.1634600000        1.6880660000
        0.5380840000       -0.9098660000
        0.1306730000       -1.5178370000
    0    Moment
    1    num
        0.0469820000        1.0000000000
    0    Moment
    1    num
        0.0169000000        1.0000000000
    1    Moment
    6    num
        9.1259400000        0.1316100000
        5.8907300000       -0.3487910000
        1.4397800000        0.5276330000
        0.6929760000        0.5000040000
        0.3084380000        0.1387070000
        0.1086800000        0.0055910000
    1    Moment
    6    num
        9.1259400000       -0.0379630000
        5.8907300000        0.1036120000
        1.4397800000       -0.1857190000
        0.6929760000       -0.2213770000
        0.3084380000        0.0960590000
        0.1086800000        0.6029380000
    1    Moment
    6    num
        9.1259400000       -0.0676070000
        5.8907300000        0.1858450000
        1.4397800000       -0.3480470000
        0.6929760000       -0.4511480000
        0.3084380000        0.5586130000
        0.1086800000        0.7068530000
    1    Moment
    1    num
        0.0381830000        1.0000000000
    1    Moment
    1    num
        0.0134000000        1.0000000000
    2    Moment
    5    num
        9.3395000000        0.0158420000
        5.8557100000       -0.0635100000
        1.4647600000        0.2828700000
        0.6312200000        0.4507810000
        0.2506620000        0.3664550000
    2    Moment
    5    num
        9.3395000000       -0.0209240000
        5.8557100000        0.0807150000
        1.4647600000       -0.4242800000
        0.6312200000       -0.4620180000
        0.2506620000        0.5555660000
    2    Moment
    1    num
        0.0891640000        1.0000000000
    2    Moment
    1    num
        0.0317000000        1.0000000000
    3    Moment
    1    num
        0.6278000000        1.0000000000
    3    Moment
    1    num
        0.2478000000        1.0000000000
Ir  ------------------------------------
   77    iatm
   16    NShl
    0    Moment
    7    num
       36.0577000000        0.0172890000
       22.5516000000       -0.1359910000
       14.1116000000        0.3386690000
        5.0447500000       -0.7941690000
        1.2441700000        0.9080010000
        0.5769240000        0.4378070000
        0.1394660000        0.0187690000
    0    Moment
    7    num
       36.0577000000       -0.0049480000
       22.5516000000        0.0431240000
       14.1116000000       -0.1138030000
        5.0447500000        0.2953180000
        1.2441700000       -0.4732180000
        0.5769240000       -0.2840000000
        0.1394660000        0.6351880000
    0    Moment
    7    num
       36.0577000000        0.0290550000
       22.5516000000       -0.1546790000
       14.1116000000        0.3116730000
        5.0447500000       -0.7039290000
        1.2441700000        1.8161160000
        0.5769240000       -1.0291110000
        0.1394660000       -1.4393180000
    0    Moment
    1    num
        0.0497400000        1.0000000000
    0    Moment
    1    num
        0.0177000000        1.0000000000
    1    Moment
    6    num
        9.5858000000        0.1256510000
        6.1408800000       -0.3433060000
        1.4976000000        0.5536780000
        0.7141440000        0.4910420000
        0.3120660000        0.1228370000
        0.1151600000        0.0033780000
    1    Moment
    6    num
        9.5858000000       -0.0379390000
        6.1408800000        0.1069870000
        1.4976000000       -0.2083670000
        0.7141440000       -0.2217720000
        0.3120660000        0.1266520000
        0.1151600000        0.6103680000
    1    Moment
    6    num
        9.5858000000       -0.0740030000
        6.1408800000        0.2101790000
        1.4976000000       -0.4612670000
        0.7141440000       -0.3768670000
        0.3120660000        0.6521120000
        0.1151600000        0.6073860000
    1    Moment
    1    num
        0.0412770000        1.0000000000
    1    Moment
    1    num
        0.0148000000        1.0000000000
    2    Moment
    5    num
        9.9606900000        0.0154630000
        6.2430300000       -0.0631200000
        1.5631700000        0.2923090000
        0.6819400000        0.4527480000
        0.2734460000        0.3571590000
    2    Moment
    5    num
        9.9606900000       -0.0198010000
        6.2430300000        0.0777020000
        1.5631700000       -0.4252400000
        0.6819400000       -0.4331870000
        0.2734460000        0.4752470000
    2    Moment
    1    num
        0.0980080000        1.0000000000
    2    Moment
    1    num
        0.0351000000        1.0000000000
    3    Moment
    1    num
        0.7127000000        1.0000000000
    3    Moment
    1    num
        0.2898000000        1.0000000000
Pt  ------------------------------------
   78    iatm
   16    NShl
    0    Moment
    7    num
       37.3750000000        0.0156980000
       23.3685000000       -0.1285150000
       14.6164000000        0.3299960000
        5.2209620000       -0.8039770000
        1.3267320000        0.9127650000
        0.6163210000        0.4444260000
        0.1480680000        0.0192250000
    0    Moment
    7    num
       37.3750000000       -0.0041400000
       23.3685000000        0.0396870000
       14.6164000000       -0.1100630000
        5.2209620000        0.3003960000
        1.3267320000       -0.4809750000
        0.6163210000       -0.2769970000
        0.1480680000        0.6216130000
    0    Moment
    7    num
       37.3750000000        0.0303040000
       23.3685000000       -0.1595530000
       14.6164000000        0.3222870000
        5.2209620000       -0.7469090000
        1.3267320000        1.9183060000
        0.6163210000       -1.1164460000
        0.1480680000       -1.3836520000
    0    Moment
    1    num
        0.0523910000        1.0000000000
    0    Moment
    1    num
        0.0185000000        1.0000000000
    1    Moment
    6    num
        9.9926800000        0.1240460000
        6.3831700000       -0.3446320000
        1.5696500000        0.5711200000
        0.7427790000        0.4873560000
        0.3180200000        0.1119590000
        0.1141460000        0.0019280000
    1    Moment
    6    num
        9.9926800000       -0.0346870000
        6.3831700000        0.0999320000
        1.5696500000       -0.2018840000
        0.7427790000       -0.1984590000
        0.3180200000        0.1230340000
        0.1141460000        0.5955770000
    1    Moment
    6    num
        9.9926800000       -0.0771530000
        6.3831700000        0.2234940000
        1.5696500000       -0.5228040000
        0.7427790000       -0.3298980000
        0.3180200000        0.7297730000
        0.1141460000        0.5372880000
    1    Moment
    1    num
        0.0398630000        1.0000000000
    1    Moment
    1    num
        0.0139000000        1.0000000000
    2    Moment
    5    num
       10.4126000000        0.0150800000
        6.5226600000       -0.0622950000
        1.6643000000        0.3006490000
        0.7342080000        0.4539610000
        0.2974070000        0.3490010000
    2    Moment
    5    num
       10.4126000000       -0.0198660000
        6.5226600000        0.0796630000
        1.6643000000       -0.4687940000
        0.7342080000       -0.4051740000
        0.2974070000        0.5192890000
    2    Moment
    1    num
        0.1075990000        1.0000000000
    2    Moment
    1    num
        0.0389000000        1.0000000000
    3    Moment
    1    num
        0.8018000000        1.0000000000
    3    Moment
    1    num
        0.3357000000        1.0000000000
Au  ------------------------------------
   79    iatm
   16    NShl
    0    Moment
    7    num
       38.0008000000        0.0200090000
       23.9725000000       -0.1516790000
       15.2182000000        0.3639600000
        5.5399900000       -0.8213260000
        1.3855100000        0.9366410000
        0.6424610000        0.4235270000
        0.1564960000        0.0162500000
    0    Moment
    7    num
       38.0008000000       -0.0053040000
       23.9725000000        0.0463180000
       15.2182000000       -0.1199400000
        5.5399900000        0.3040620000
        1.3855100000       -0.4945010000
        0.6424610000       -0.2555160000
        0.1564960000        0.6091630000
    0    Moment
    7    num
       38.0008000000        0.0323400000
       23.9725000000       -0.1717620000
       15.2182000000        0.3395030000
        5.5399900000       -0.7461790000
        1.3855100000        1.9174980000
        0.6424610000       -1.1299310000
        0.1564960000       -1.3662840000
    0    Moment
    1    num
        0.0549100000        1.0000000000
    0    Moment
    1    num
        0.0193000000        1.0000000000
    1    Moment
    6    num
       10.3092000000        0.1282170000
        6.6276500000       -0.3537900000
        1.6744700000        0.5662110000
        0.8011160000        0.4931710000
        0.3468790000        0.1137750000
        0.1227010000        0.0025340000
    1    Moment
    6    num
       10.3092000000       -0.0358850000
        6.6276500000        0.1028900000
        1.6744700000       -0.2009880000
        0.8011160000       -0.2010450000
        0.3468790000        0.1165490000
        0.1227010000        0.5949690000
    1    Moment
    6    num
       10.3092000000       -0.0772420000
        6.6276500000        0.2226110000
        1.6744700000       -0.4953530000
        0.8011160000       -0.3607470000
        0.3468790000        0.7100000000
        0.1227010000        0.5688390000
    1    Moment
    1    num
        0.0424280000        1.0000000000
    1    Moment
    1    num
        0.0147000000        1.0000000000
    2    Moment
    5    num
       11.0027000000        0.0164670000
        6.8916600000       -0.0680130000
        1.8080800000        0.2994920000
        0.8210510000        0.4543030000
        0.3441610000        0.3442240000
    2    Moment
    5    num
       11.0027000000       -0.0236280000
        6.8916600000        0.0956720000
        1.8080800000       -0.5412940000
        0.8210510000       -0.3955330000
        0.3441610000        0.6191650000
    2    Moment
    1    num
        0.1297430000        1.0000000000
    2    Moment
    1    num
        0.0489000000        1.0000000000
    3    Moment
    1    num
        0.8919000000        1.0000000000
    3    Moment
    1    num
        0.3789000000        1.0000000000
Hg  ------------------------------------
   80    iatm
   16    NShl
    0    Moment
    7    num
       41.4804000000        0.0100720000
       22.5328000000       -0.1147810000
       14.0790000000        0.3564080000
        5.7247400000       -0.8484430000
        1.4794800000        0.9405960000
        0.6882660000        0.4353290000
        0.1641810000        0.0131780000
    0    Moment
    7    num
       41.4804000000        0.0020320000
       22.5328000000       -0.0323140000
       14.0790000000        0.1153500000
        5.7247400000       -0.3177630000
        1.4794800000        0.5135230000
        0.6882660000        0.2500500000
        0.1641810000       -0.6488410000
    0    Moment
    7    num
       41.4804000000        0.0218280000
       22.5328000000       -0.1555640000
       14.0790000000        0.3860250000
        5.7247400000       -0.8961040000
        1.4794800000        2.3321950000
        0.6882660000       -1.5976600000
        0.1641810000       -1.0536460000
    0    Moment
    1    num
        0.0572230000        1.0000000000
    0    Moment
    1    num
        0.0199000000        1.0000000000
    1    Moment
    6    num
       10.5805000000        0.1286920000
        6.8053900000       -0.3608420000
        1.7901600000        0.5641170000
        0.8622610000        0.5002740000
        0.3752770000        0.1137850000
        0.1284210000        0.0029390000
    1    Moment
    6    num
       10.5805000000       -0.0344430000
        6.8053900000        0.1009290000
        1.7901600000       -0.1924390000
        0.8622610000       -0.1960690000
        0.3752770000        0.1042040000
        0.1284210000        0.5873870000
    1    Moment
    6    num
       10.5805000000        0.0714680000
        6.8053900000       -0.2108590000
        1.7901600000        0.4452040000
        0.8622610000        0.3916080000
        0.3752770000       -0.6670830000
        0.1284210000       -0.6195740000
    1    Moment
    1    num
        0.0434470000        1.0000000000
    1    Moment
    1    num
        0.0147000000        1.0000000000
    2    Moment
    5    num
       11.5841000000        0.0167290000
        7.2487900000       -0.0695580000
        1.9366200000        0.3034370000
        0.8987480000        0.4548780000
        0.3869310000        0.3368080000
    2    Moment
    5    num
       11.5841000000       -0.0249840000
        7.2487900000        0.1041030000
        1.9366200000       -0.6169860000
        0.8987480000       -0.3538260000
        0.3869310000        0.6872800000
    2    Moment
    1    num
        0.1504660000        1.0000000000
    2    Moment
    1    num
        0.0585000000        1.0000000000
    3    Moment
    1    num
        0.9974000000        1.0000000000
    3    Moment
    1    num
        0.4377000000        1.0000000000
Tl  ------------------------------------
   81    iatm
   12    NShl
    0    Moment
    6    num
       36.1096000000        0.0229790000
       22.5732000000       -0.1728970000
       14.1144000000        0.4807030000
        6.1597600000       -0.9532140000
        1.5706900000        0.9608670000
        0.7459610000        0.4319720000
    0    Moment
    6    num
       36.1096000000        0.0059010000
       22.5732000000       -0.0544410000
       14.1144000000        0.1709120000
        6.1597600000       -0.3868060000
        1.5706900000        0.5717530000
        0.7459610000        0.2895580000
    0    Moment
    1    num
        0.1958840000        1.0000000000
    0    Moment
    1    num
        0.0710030000        1.0000000000
    0    Moment
    1    num
        0.0206000000        1.0000000000
    1    Moment
    5    num
       10.3856000000        0.1621170000
        7.0093900000       -0.4046950000
        1.7768800000        0.6949780000
        0.7479420000        0.4664960000
        0.1768080000        0.0280130000
    1    Moment
    5    num
       10.3856000000       -0.0391990000
        7.0093900000        0.1017260000
        1.7768800000       -0.2199420000
        0.7479420000       -0.1194500000
        0.1768080000        0.4597680000
    1    Moment
    1    num
        0.0515320000        1.0000000000
    1    Moment
    1    num
        0.0130000000        1.0000000000
    2    Moment
    5    num
       10.9087000000        0.0217120000
        6.8364900000       -0.0832690000
        1.9974900000        0.3418070000
        0.9144720000        0.4833160000
        0.3895180000        0.3047550000
    2    Moment
    1    num
        0.1501000000        1.0000000000
    2    Moment
    1    num
        0.0437000000        1.0000000000
Pb  ------------------------------------
   82    iatm
   12    NShl
    0    Moment
    6    num
       37.4583000000        0.0248240000
       23.3170000000       -0.1810620000
       14.5759000000        0.5007060000
        6.4337600000       -0.9797370000
        1.6671900000        0.9666300000
        0.8077320000        0.4364870000
    0    Moment
    6    num
       37.4583000000        0.0067850000
       23.3170000000       -0.0601870000
       14.5759000000        0.1889710000
        6.4337600000       -0.4248380000
        1.6671900000        0.6220350000
        0.8077320000        0.3160880000
    0    Moment
    1    num
        0.2270840000        1.0000000000
    0    Moment
    1    num
        0.0842520000        1.0000000000
    0    Moment
    1    num
        0.0278000000        1.0000000000
    1    Moment
    5    num
       10.6186000000        0.1701740000
        7.1878100000       -0.4241790000
        1.8943900000        0.6934430000
        0.8167090000        0.4737730000
        0.2036880000        0.0290470000
    1    Moment
    5    num
       10.6186000000       -0.0479540000
        7.1878100000        0.1245560000
        1.8943900000       -0.2597760000
        0.8167090000       -0.1414800000
        0.2036880000        0.5317690000
    1    Moment
    1    num
        0.0649730000        1.0000000000
    1    Moment
    1    num
        0.0197000000        1.0000000000
    2    Moment
    5    num
       13.7266000000        0.0107870000
        6.9898300000       -0.0666500000
        2.1735200000        0.3342590000
        1.0281200000        0.4826840000
        0.4558570000        0.3004140000
    2    Moment
    1    num
        0.1822000000        1.0000000000
    2    Moment
    1    num
        0.0609000000        1.0000000000
Bi  ------------------------------------
   83    iatm
   12    NShl
    0    Moment
    6    num
      211.8210000000        0.0010880000
       21.3262000000       -0.1058620000
       13.3654000000        0.5308080000
        6.9461000000       -1.0502650000
        1.7122900000        0.9958560000
        0.8391070000        0.3989520000
    0    Moment
    6    num
      211.8210000000        0.0004220000
       21.3262000000       -0.0385370000
       13.3654000000        0.2172380000
        6.9461000000       -0.4810970000
        1.7122900000        0.7015950000
        0.8391070000        0.2905200000
    0    Moment
    1    num
        0.2553640000        1.0000000000
    0    Moment
    1    num
        0.0967000000        1.0000000000
    0    Moment
    1    num
        0.0317000000        1.0000000000
    1    Moment
    5    num
       11.0644000000        0.1672490000
        7.4500000000       -0.4252620000
        2.0106900000        0.6925250000
        0.8883210000        0.4753740000
        0.2363690000        0.0298590000
    1    Moment
    5    num
       11.0644000000       -0.0522010000
        7.4500000000        0.1390830000
        2.0106900000       -0.2935560000
        0.8883210000       -0.1585740000
        0.2363690000        0.5743620000
    1    Moment
    1    num
        0.0792900000        1.0000000000
    1    Moment
    1    num
        0.0254000000        1.0000000000
    2    Moment
    5    num
       16.2461000000        0.0078080000
        6.9836300000       -0.0668310000
        2.3747600000        0.3241400000
        1.1537200000        0.4858310000
        0.5259740000        0.3010560000
    2    Moment
    1    num
        0.2151000000        1.0000000000
    2    Moment
    1    num
        0.0745000000        1.0000000000
Po  ------------------------------------
   84    iatm
   12    NShl
    0    Moment
    6    num
      295.3900000000        0.0013830000
       21.2683000000       -0.1050610000
       13.3379000000        0.5914250000
        7.3652100000       -1.1156970000
        1.7892000000        1.0191620000
        0.8849940000        0.3798790000
    0    Moment
    6    num
      295.3900000000        0.0006830000
       21.2683000000       -0.0385730000
       13.3379000000        0.2519580000
        7.3652100000       -0.5330160000
        1.7892000000        0.7669010000
        0.8849940000        0.2818780000
    0    Moment
    1    num
        0.2857870000        1.0000000000
    0    Moment
    1    num
        0.1093240000        1.0000000000
    0    Moment
    1    num
        0.0359000000        1.0000000000
    1    Moment
    5    num
       11.5069000000        0.1663640000
        7.7299100000       -0.4272350000
        2.1189400000        0.6969640000
        0.9553230000        0.4713590000
        0.2683520000        0.0299870000
    1    Moment
    5    num
       11.5069000000       -0.0559100000
        7.7299100000        0.1511230000
        2.1189400000       -0.3261600000
        0.9553230000       -0.1614090000
        0.2683520000        0.6016150000
    1    Moment
    1    num
        0.0884940000        1.0000000000
    1    Moment
    1    num
        0.0278000000        1.0000000000
    2    Moment
    5    num
       18.7130000000        0.0066940000
        7.0570800000       -0.0671040000
        2.5506200000        0.3257980000
        1.2506900000        0.4957630000
        0.5742560000        0.2931060000
    2    Moment
    1    num
        0.2330000000        1.0000000000
    2    Moment
    1    num
        0.0895000000        1.0000000000
At  ------------------------------------
   85    iatm
   12    NShl
    0    Moment
    6    num
      304.0310000000        0.0010310000
       22.4085000000       -0.1018690000
       14.0490000000        0.5632730000
        7.5895000000       -1.1045120000
        1.8949400000        1.0263640000
        0.9523580000        0.3833240000
    0    Moment
    6    num
      304.0310000000        0.0004960000
       22.4085000000       -0.0387430000
       14.0490000000        0.2490070000
        7.5895000000       -0.5516910000
        1.8949400000        0.8155580000
        0.9523580000        0.2868020000
    0    Moment
    1    num
        0.3170410000        1.0000000000
    0    Moment
    1    num
        0.1224900000        1.0000000000
    0    Moment
    1    num
        0.0404000000        1.0000000000
    1    Moment
    5    num
       12.0093000000        0.1631810000
        8.0330000000       -0.4244130000
        2.2239300000        0.7031340000
        1.0213300000        0.4641680000
        0.3012660000        0.0302600000
    1    Moment
    5    num
       12.0093000000       -0.0583630000
        8.0330000000        0.1606310000
        2.2239300000       -0.3589420000
        1.0213300000       -0.1621230000
        0.3012660000        0.6248880000
    1    Moment
    1    num
        0.0999030000        1.0000000000
    1    Moment
    1    num
        0.0313000000        1.0000000000
    2    Moment
    5    num
       21.3084000000        0.0061410000
        7.0207600000       -0.0706690000
        2.7689800000        0.3190200000
        1.3731400000        0.5044700000
        0.6368040000        0.2924810000
    2    Moment
    1    num
        0.2593000000        1.0000000000
    2    Moment
    1    num
        0.1073000000        1.0000000000
Rn  ------------------------------------
   86    iatm
   12    NShl
    0    Moment
    6    num
      383.5850000000        0.0015720000
       23.2936000000       -0.0761810000
       14.6096000000        0.4785080000
        7.7319900000       -1.0439020000
        1.9942400000        1.0190710000
        1.0240700000        0.3914520000
    0    Moment
    6    num
      383.5850000000        0.0009020000
       23.2936000000       -0.0265350000
       14.6096000000        0.2148510000
        7.7319900000       -0.5453780000
        1.9942400000        0.8694020000
        1.0240700000        0.2728620000
    0    Moment
    1    num
        0.3454220000        1.0000000000
    0    Moment
    1    num
        0.1350810000        1.0000000000
    0    Moment
    1    num
        0.0449000000        1.0000000000
    1    Moment
    5    num
       12.4992000000        0.1629940000
        8.3397600000       -0.4262290000
        2.3359100000        0.7107760000
        1.0901900000        0.4580860000
        0.3348980000        0.0292130000
    1    Moment
    5    num
       12.4992000000       -0.0609340000
        8.3397600000        0.1694830000
        2.3359100000       -0.3880550000
        1.0901900000       -0.1612760000
        0.3348980000        0.6446740000
    1    Moment
    1    num
        0.1125460000        1.0000000000
    1    Moment
    1    num
        0.0348000000        1.0000000000
    2    Moment
    5    num
       24.1705000000        0.0058780000
        6.9459900000       -0.0765200000
        3.0380900000        0.3071660000
        1.5168400000        0.5141680000
        0.7091570000        0.2972850000
    2    Moment
    1    num
        0.2888000000        1.0000000000
    2    Moment
    1    num
        0.1251000000        1.0000000000
end
