 Amesp basis library : Lanl2DZ

H   ------------------------------------
    1    iatm
    2    NShl
    0    Moment
    3    num
       19.2406000000        0.0328280770
        2.8992000000        0.2312085421
        0.6534000000        0.8172399161
    0    Moment
    1    num
        0.1776000000        1.0000000000
Li  ------------------------------------
    3    iatm
    5    NShl
    0    Moment
    7    num
      921.3000000000        0.0013670001
      138.7000000000        0.0104250005
       31.9400000000        0.0498590025
        9.3530000000        0.1607010079
        3.1580000000        0.3446040169
        1.1570000000        0.4251970209
        0.4446000000        0.1694680083
    0    Moment
    2    num
        0.4446000000       -0.2223109735
        0.0766600000        1.1164768670
    0    Moment
    1    num
        0.0286400000        1.0000000000
    1    Moment
    3    num
        1.4880000000        0.0387700155
        0.2667000000        0.2362570943
        0.0720100000        0.8304483315
    1    Moment
    1    num
        0.0237000000        1.0000000000
Be  ------------------------------------
    4    iatm
    5    NShl
    0    Moment
    7    num
     1741.0000000000        0.0013050016
      262.1000000000        0.0099550124
       60.3300000000        0.0480310598
       17.6200000000        0.1585771974
        5.9330000000        0.3513254373
        2.1850000000        0.4270065315
        0.8590000000        0.1604901997
    0    Moment
    2    num
        2.1850000000       -0.1852939064
        0.1806000000        1.0570134660
    0    Moment
    1    num
        0.0583500000        1.0000000000
    1    Moment
    4    num
        6.7100000000        0.0163779953
        1.4420000000        0.0915529739
        0.4103000000        0.3414689027
        0.1397000000        0.6854278047
    1    Moment
    1    num
        0.0492200000        1.0000000000
B   ------------------------------------
    5    iatm
    5    NShl
    0    Moment
    7    num
     2788.0000000000        0.0012880004
      419.0000000000        0.0098350034
       96.4700000000        0.0476480163
       28.0700000000        0.1600690546
        9.3760000000        0.3628941238
        3.4060000000        0.4335821479
        1.3060000000        0.1400820478
    0    Moment
    2    num
        3.4060000000       -0.1793299475
        0.3245000000        1.0625936890
    0    Moment
    1    num
        0.1022000000        1.0000000000
    1    Moment
    4    num
       11.3400000000        0.0179879926
        2.4360000000        0.1103429545
        0.6836000000        0.3830718421
        0.2134000000        0.6478947329
    1    Moment
    1    num
        0.0701100000        1.0000000000
C   ------------------------------------
    6    iatm
    5    NShl
    0    Moment
    7    num
     4233.0000000000        0.0012199997
      634.9000000000        0.0093419976
      146.1000000000        0.0454519884
       42.5000000000        0.1546569604
       14.1900000000        0.3588659081
        5.1480000000        0.4386318876
        1.9670000000        0.1459179626
    0    Moment
    2    num
        5.1480000000       -0.1683669561
        0.4962000000        1.0600907230
    0    Moment
    1    num
        0.1533000000        1.0000000000
    1    Moment
    4    num
       18.1600000000        0.0185389998
        3.9860000000        0.1154359988
        1.1430000000        0.3861879960
        0.3594000000        0.6401139934
    1    Moment
    1    num
        0.1146000000        1.0000000000
N   ------------------------------------
    7    iatm
    5    NShl
    0    Moment
    7    num
     5909.0000000000        0.0011899995
      887.5000000000        0.0090989965
      204.7000000000        0.0441449832
       59.8400000000        0.1504639428
       20.0000000000        0.3567408644
        7.1930000000        0.4465328303
        2.6860000000        0.1456029447
    0    Moment
    2    num
        7.1930000000       -0.1604050334
        0.7000000000        1.0582152210
    0    Moment
    1    num
        0.2133000000        1.0000000000
    1    Moment
    4    num
       26.7900000000        0.0182539982
        5.9560000000        0.1164609888
        1.7070000000        0.3901779624
        0.5314000000        0.6371019387
    1    Moment
    1    num
        0.1654000000        1.0000000000
O   ------------------------------------
    8    iatm
    5    NShl
    0    Moment
    7    num
     7817.0000000000        0.0011760003
     1176.0000000000        0.0089680025
      273.2000000000        0.0428680121
       81.1700000000        0.1439300405
       27.1800000000        0.3556301000
        9.5320000000        0.4612481297
        3.4140000000        0.1402060394
    0    Moment
    2    num
        9.5320000000       -0.1541530739
        0.9398000000        1.0569145070
    0    Moment
    1    num
        0.2846000000        1.0000000000
    1    Moment
    4    num
       35.1800000000        0.0195800005
        7.9040000000        0.1242000032
        2.3050000000        0.3947140101
        0.7171000000        0.6273760161
    1    Moment
    1    num
        0.2137000000        1.0000000000
F   ------------------------------------
    9    iatm
    5    NShl
    0    Moment
    7    num
     9995.0000000000        0.0011659986
     1506.0000000000        0.0088759892
      350.3000000000        0.0423799483
      104.1000000000        0.1429288256
       34.8400000000        0.3553715663
       12.2200000000        0.4620844361
        4.3690000000        0.1408478281
    0    Moment
    2    num
       12.2200000000       -0.1484519214
        1.2080000000        1.0552694420
    0    Moment
    1    num
        0.3634000000        1.0000000000
    1    Moment
    4    num
       44.3600000000        0.0208760024
       10.0800000000        0.1301070149
        2.9960000000        0.3961660455
        0.9383000000        0.6204040713
    1    Moment
    1    num
        0.2733000000        1.0000000000
Ne  ------------------------------------
   10    iatm
    5    NShl
    0    Moment
    7    num
    12100.0000000000        0.0011999991
     1821.0000000000        0.0090919935
      432.8000000000        0.0413049702
      132.5000000000        0.1378669007
       43.7700000000        0.3624327389
       14.9100000000        0.4722466598
        5.1270000000        0.1300349063
    0    Moment
    2    num
       14.9100000000       -0.1408099881
        1.4910000000        1.0533269110
    0    Moment
    1    num
        0.4468000000        1.0000000000
    1    Moment
    4    num
       56.4500000000        0.0208750147
       12.9200000000        0.1300320917
        3.8650000000        0.3956792791
        1.2030000000        0.6214504384
    1    Moment
    1    num
        0.3444000000        1.0000000000
Na  ------------------------------------
   11    iatm
    4    NShl
    0    Moment
    2    num
        0.4972000000       -0.2753532430
        0.0560000000        1.0989803090
    0    Moment
    1    num
        0.0221000000        1.0000000000
    1    Moment
    2    num
        0.6697000000       -0.0683839513
        0.0636000000        1.0140468630
    1    Moment
    1    num
        0.0204000000        1.0000000000
Mg  ------------------------------------
   12    iatm
    4    NShl
    0    Moment
    2    num
        0.7250000000       -0.4058454176
        0.1112000000        1.1688704510
    0    Moment
    1    num
        0.0404000000        1.0000000000
    1    Moment
    2    num
        1.2400000000       -0.0749752990
        0.1346000000        1.0178182870
    1    Moment
    1    num
        0.0422000000        1.0000000000
Al  ------------------------------------
   13    iatm
    4    NShl
    0    Moment
    2    num
        0.9615000000       -0.5021546193
        0.1819000000        1.2342547470
    0    Moment
    1    num
        0.0657000000        1.0000000000
    1    Moment
    2    num
        1.9280000000       -0.0712584006
        0.2013000000        1.0162966080
    1    Moment
    1    num
        0.0580000000        1.0000000000
Si  ------------------------------------
   14    iatm
    4    NShl
    0    Moment
    2    num
        1.2220000000       -0.5707339030
        0.2595000000        1.2823826070
    0    Moment
    1    num
        0.0931000000        1.0000000000
    1    Moment
    2    num
        2.5800000000       -0.0777249975
        0.2984000000        1.0197869670
    1    Moment
    1    num
        0.0885000000        1.0000000000
P   ------------------------------------
   15    iatm
    4    NShl
    0    Moment
    2    num
        1.5160000000       -0.5862089105
        0.3369000000        1.2994376230
    0    Moment
    1    num
        0.1211000000        1.0000000000
    1    Moment
    2    num
        3.7050000000       -0.0691471978
        0.3934000000        1.0161987680
    1    Moment
    1    num
        0.1190000000        1.0000000000
S   ------------------------------------
   16    iatm
    4    NShl
    0    Moment
    2    num
        1.8500000000       -0.5324334974
        0.4035000000        1.2763800940
    0    Moment
    1    num
        0.1438000000        1.0000000000
    1    Moment
    2    num
        4.9450000000       -0.0608116013
        0.4870000000        1.0132686210
    1    Moment
    1    num
        0.1379000000        1.0000000000
Cl  ------------------------------------
   17    iatm
    4    NShl
    0    Moment
    2    num
        2.2310000000       -0.4900589089
        0.4720000000        1.2542684230
    0    Moment
    1    num
        0.1631000000        1.0000000000
    1    Moment
    2    num
        6.2960000000       -0.0635640979
        0.6333000000        1.0141354670
    1    Moment
    1    num
        0.1819000000        1.0000000000
Ar  ------------------------------------
   18    iatm
    4    NShl
    0    Moment
    2    num
        2.6130000000       -0.5110462804
        0.5736000000        1.2701235510
    0    Moment
    1    num
        0.2014000000        1.0000000000
    1    Moment
    2    num
        7.8600000000       -0.0555166998
        0.7387000000        1.0115981970
    1    Moment
    1    num
        0.2081000000        1.0000000000
K   ------------------------------------
   19    iatm
    6    NShl
    0    Moment
    3    num
        0.6752000000       -0.0863350911
        0.2545000000       -0.6505876317
        0.0529000000        1.2869014100
    0    Moment
    3    num
        3.0720000000       -0.3083067064
        0.6752000000        0.7820711163
        0.2545000000        0.4142883086
    0    Moment
    1    num
        0.0209000000        1.0000000000
    1    Moment
    3    num
        8.2330000000       -0.0419919011
        0.9526000000        0.5776819157
        0.3013000000        0.5234611143
    1    Moment
    1    num
        0.0376000000        1.0000000000
    1    Moment
    1    num
        0.0140000000        1.0000000000
Ca  ------------------------------------
   20    iatm
    6    NShl
    0    Moment
    3    num
        0.8551000000       -0.1835959247
        0.3192000000       -1.6882378540
        0.1447000000        2.0624904090
    0    Moment
    3    num
        3.4840000000       -0.3337369901
        0.8551000000        0.7589830775
        0.3192000000        0.4606108863
    0    Moment
    1    num
        0.0350000000        1.0000000000
    1    Moment
    3    num
        9.4200000000       -0.0436942994
        1.1500000000        0.6034746922
        0.3688000000        0.4961106936
    1    Moment
    1    num
        0.0705000000        1.0000000000
    1    Moment
    1    num
        0.0263000000        1.0000000000
Sc  ------------------------------------
   21    iatm
    8    NShl
    0    Moment
    3    num
        1.0970000000       -0.0582258527
        0.4164000000       -0.4111574562
        0.0761000000        1.2010510010
    0    Moment
    3    num
        3.7170000000       -0.3926292178
        1.0970000000        0.7147339324
        0.4164000000        0.5509400249
    0    Moment
    1    num
        0.0284000000        1.0000000000
    1    Moment
    3    num
       10.4000000000       -0.0492615001
        1.3110000000        0.6071965018
        0.4266000000        0.4917582015
    1    Moment
    1    num
        0.0470000000        1.0000000000
    1    Moment
    1    num
        0.0140000000        1.0000000000
    2    Moment
    4    num
       15.1300000000        0.0379291018
        4.2050000000        0.1738360082
        1.3030000000        0.4268057201
        0.3680000000        0.6238539293
    2    Moment
    1    num
        0.0812000000        1.0000000000
Ti  ------------------------------------
   22    iatm
    8    NShl
    0    Moment
    3    num
        1.0980000000       -0.1023676994
        0.4178000000       -0.3753172148
        0.0872000000        1.2154231490
    0    Moment
    3    num
        4.3720000000       -0.3637098367
        1.0980000000        0.8184533826
        0.4178000000        0.4184526423
    0    Moment
    1    num
        0.0314000000        1.0000000000
    1    Moment
    3    num
       12.5200000000       -0.0456908005
        1.4910000000        0.6203313074
        0.4859000000        0.4765329057
    1    Moment
    1    num
        0.0530000000        1.0000000000
    1    Moment
    1    num
        0.0160000000        1.0000000000
    2    Moment
    4    num
       20.2100000000        0.0341681990
        5.4950000000        0.1710005949
        1.6990000000        0.4405848869
        0.4840000000        0.6114245818
    2    Moment
    1    num
        0.1157000000        1.0000000000
V   ------------------------------------
   23    iatm
    8    NShl
    0    Moment
    3    num
        1.4930000000       -0.0609221951
        0.5570000000       -0.3977911095
        0.0975000000        1.1891338880
    0    Moment
    3    num
        4.5900000000       -0.4277302118
        1.4930000000        0.7069691196
        0.5570000000        0.5895813163
    0    Moment
    1    num
        0.0342000000        1.0000000000
    1    Moment
    3    num
       13.7600000000       -0.0482312014
        1.7120000000        0.6141161185
        0.5587000000        0.4838342146
    1    Moment
    1    num
        0.0590000000        1.0000000000
    1    Moment
    1    num
        0.0180000000        1.0000000000
    2    Moment
    4    num
       25.7000000000        0.0331032995
        6.5300000000        0.1795752975
        2.0780000000        0.4373061938
        0.6243000000        0.5984859915
    2    Moment
    1    num
        0.1542000000        1.0000000000
Cr  ------------------------------------
   24    iatm
    8    NShl
    0    Moment
    3    num
        1.4490000000       -0.0974613125
        0.5496000000       -0.3542048247
        0.1052000000        1.1920739550
    0    Moment
    3    num
        5.3610000000       -0.3805688991
        1.4490000000        0.7795624981
        0.5496000000        0.4730776989
    0    Moment
    1    num
        0.0364000000        1.0000000000
    1    Moment
    3    num
       16.4200000000       -0.0461396975
        1.9140000000        0.6109964672
        0.6241000000        0.4859634739
    1    Moment
    1    num
        0.0630000000        1.0000000000
    1    Moment
    1    num
        0.0190000000        1.0000000000
    2    Moment
    4    num
       28.9500000000        0.0337787013
        7.7080000000        0.1780345068
        2.4950000000        0.4370008168
        0.7655000000        0.5941795228
    2    Moment
    1    num
        0.1889000000        1.0000000000
Mn  ------------------------------------
   25    iatm
    8    NShl
    0    Moment
    3    num
        1.6050000000       -0.0907117207
        0.6260000000       -0.3387807112
        0.1115000000        1.1753189310
    0    Moment
    3    num
        5.9140000000       -0.3764507925
        1.6050000000        0.7724788847
        0.6260000000        0.4769345906
    0    Moment
    1    num
        0.0380000000        1.0000000000
    1    Moment
    3    num
       18.2000000000       -0.0447900978
        2.1410000000        0.6260310685
        0.7009000000        0.4696328764
    1    Moment
    1    num
        0.0690000000        1.0000000000
    1    Moment
    1    num
        0.0210000000        1.0000000000
    2    Moment
    4    num
       32.2700000000        0.0341579997
        8.8750000000        0.1761104984
        2.8900000000        0.4394297959
        0.8761000000        0.5943270945
    2    Moment
    1    num
        0.2120000000        1.0000000000
Fe  ------------------------------------
   26    iatm
    8    NShl
    0    Moment
    3    num
        1.8260000000       -0.0691741591
        0.7135000000       -0.2351470918
        0.1021000000        1.1137365380
    0    Moment
    3    num
        6.4220000000       -0.3927882259
        1.8260000000        0.7712643508
        0.7135000000        0.4920228324
    0    Moment
    1    num
        0.0363000000        1.0000000000
    1    Moment
    3    num
       19.4800000000       -0.0470282000
        2.3890000000        0.6248841003
        0.7795000000        0.4722542002
    1    Moment
    1    num
        0.0740000000        1.0000000000
    1    Moment
    1    num
        0.0220000000        1.0000000000
    2    Moment
    4    num
       37.0800000000        0.0329000027
       10.1000000000        0.1787418146
        3.2200000000        0.4487657366
        0.9628000000        0.5876361479
    2    Moment
    1    num
        0.2262000000        1.0000000000
Co  ------------------------------------
   27    iatm
    8    NShl
    0    Moment
    3    num
        2.0090000000       -0.0625023617
        0.8055000000       -0.2375344769
        0.1070000000        1.1071520290
    0    Moment
    3    num
        7.1760000000       -0.3856733874
        2.0090000000        0.7453115756
        0.8055000000        0.5091818833
    0    Moment
    1    num
        0.0375000000        1.0000000000
    1    Moment
    3    num
       21.3900000000       -0.0480413000
        2.6500000000        0.6222337004
        0.8619000000        0.4758042003
    1    Moment
    1    num
        0.0800000000        1.0000000000
    1    Moment
    1    num
        0.0230000000        1.0000000000
    2    Moment
    4    num
       39.2500000000        0.0361541027
       10.7800000000        0.1896744144
        3.4960000000        0.4524981343
        1.0660000000        0.5710427433
    2    Moment
    1    num
        0.2606000000        1.0000000000
Ni  ------------------------------------
   28    iatm
    8    NShl
    0    Moment
    3    num
        2.2940000000       -0.0560817741
        0.8760000000       -0.2572978134
        0.1153000000        1.1111156540
    0    Moment
    3    num
        7.6200000000       -0.4082549980
        2.2940000000        0.7455307963
        0.8760000000        0.5325720974
    0    Moment
    1    num
        0.0396000000        1.0000000000
    1    Moment
    3    num
       23.6600000000       -0.0481558023
        2.8930000000        0.6258473306
        0.9435000000        0.4715158230
    1    Moment
    1    num
        0.0840000000        1.0000000000
    1    Moment
    1    num
        0.0240000000        1.0000000000
    2    Moment
    4    num
       42.7200000000        0.0372699027
       11.7600000000        0.1956103142
        3.8170000000        0.4561273331
        1.1690000000        0.5621587408
    2    Moment
    1    num
        0.2836000000        1.0000000000
Cu  ------------------------------------
   29    iatm
    8    NShl
    0    Moment
    3    num
        2.5680000000       -0.0463243933
        0.9587000000       -0.2394893745
        0.1153000000        1.0973567780
    0    Moment
    3    num
        8.1760000000       -0.4210259893
        2.5680000000        0.7385923813
        0.9587000000        0.5525691860
    0    Moment
    1    num
        0.0396000000        1.0000000000
    1    Moment
    3    num
       25.6300000000       -0.0489173002
        3.1660000000        0.6272854025
        1.0230000000        0.4716188019
    1    Moment
    1    num
        0.0860000000        1.0000000000
    1    Moment
    1    num
        0.0240000000        1.0000000000
    2    Moment
    4    num
       41.3400000000        0.0465424016
       11.4200000000        0.2227824077
        3.8390000000        0.4539059156
        1.2300000000        0.5314769183
    2    Moment
    1    num
        0.3102000000        1.0000000000
Zn  ------------------------------------
   30    iatm
    6    NShl
    0    Moment
    2    num
        0.7997000000       -0.6486111877
        0.1752000000        1.3138290750
    0    Moment
    1    num
        0.0556000000        1.0000000000
    1    Moment
    1    num
        0.1202000000        1.0000000000
    1    Moment
    1    num
        0.0351000000        1.0000000000
    2    Moment
    4    num
       68.8500000000        0.0258532012
       18.3200000000        0.1651195075
        5.9220000000        0.4468212202
        1.9270000000        0.5831080264
    2    Moment
    1    num
        0.5528000000        1.0000000000
Ga  ------------------------------------
   31    iatm
    4    NShl
    0    Moment
    2    num
        0.8306000000       -1.6759436460
        0.3392000000        1.9877108540
    0    Moment
    1    num
        0.0918000000        1.0000000000
    1    Moment
    2    num
        1.6750000000       -0.0856107012
        0.2030000000        1.0226850140
    1    Moment
    1    num
        0.0579000000        1.0000000000
Ge  ------------------------------------
   32    iatm
    4    NShl
    0    Moment
    2    num
        0.8935000000       -2.1756590780
        0.4424000000        2.4493466750
    0    Moment
    1    num
        0.1162000000        1.0000000000
    1    Moment
    2    num
        1.8770000000       -0.1006778966
        0.2623000000        1.0306255650
    1    Moment
    1    num
        0.0798000000        1.0000000000
As  ------------------------------------
   33    iatm
    4    NShl
    0    Moment
    2    num
        0.9635000000       -2.6709549370
        0.5427000000        2.9387892410
    0    Moment
    1    num
        0.1407000000        1.0000000000
    1    Moment
    2    num
        2.0840000000       -0.1137099987
        0.3224000000        1.0380265880
    1    Moment
    1    num
        0.1020000000        1.0000000000
Se  ------------------------------------
   34    iatm
    4    NShl
    0    Moment
    2    num
        1.0330000000       -3.3224095460
        0.6521000000        3.6003462500
    0    Moment
    1    num
        0.1660000000        1.0000000000
    1    Moment
    2    num
        2.3660000000       -0.1185522008
        0.3833000000        1.0414320070
    1    Moment
    1    num
        0.1186000000        1.0000000000
Br  ------------------------------------
   35    iatm
    4    NShl
    0    Moment
    2    num
        1.1590000000       -3.0378768890
        0.7107000000        3.3703734880
    0    Moment
    1    num
        0.1905000000        1.0000000000
    1    Moment
    2    num
        2.6910000000       -0.1189799989
        0.4446000000        1.0424470900
    1    Moment
    1    num
        0.1377000000        1.0000000000
Kr  ------------------------------------
   36    iatm
    4    NShl
    0    Moment
    2    num
        1.2270000000       -4.0317198910
        0.8457000000        4.3554125980
    0    Moment
    1    num
        0.2167000000        1.0000000000
    1    Moment
    2    num
        2.9200000000       -0.1330684960
        0.5169000000        1.0502806680
    1    Moment
    1    num
        0.1614000000        1.0000000000
Rb  ------------------------------------
   37    iatm
    6    NShl
    0    Moment
    3    num
        0.9400000000       -0.0143027207
        0.2706000000       -0.3354204424
        0.0366000000        1.1331448230
    0    Moment
    3    num
        1.4570000000       -1.0617416230
        0.9400000000        1.1722126880
        0.2706000000        0.7437012365
    0    Moment
    1    num
        0.0155000000        1.0000000000
    1    Moment
    3    num
        3.3000000000       -0.0729416981
        0.5985000000        0.6321781835
        0.2067000000        0.4707425877
    1    Moment
    2    num
        0.1947000000       -0.1250458682
        0.0318000000        1.0437431080
    1    Moment
    1    num
        0.0124000000        1.0000000000
Sr  ------------------------------------
   38    iatm
    6    NShl
    0    Moment
    3    num
        1.0030000000       -0.0755040208
        0.3106000000       -1.3403477600
        0.1099000000        1.7188412870
    0    Moment
    3    num
        1.6480000000       -0.9519877016
        1.0030000000        1.0869857730
        0.3106000000        0.7203158499
    0    Moment
    1    num
        0.0292000000        1.0000000000
    1    Moment
    3    num
        3.5520000000       -0.0886461017
        0.6975000000        0.6661857131
        0.2480000000        0.4390705086
    1    Moment
    2    num
        0.2735000000       -0.1787421610
        0.0570000000        1.0765838540
    1    Moment
    1    num
        0.0222000000        1.0000000000
Y   ------------------------------------
   39    iatm
    8    NShl
    0    Moment
    3    num
        1.1430000000       -0.0887558315
        0.3581000000       -0.9734494765
        0.1058000000        1.5098417750
    0    Moment
    3    num
        1.7510000000       -1.1617894340
        1.1430000000        1.2958873690
        0.3581000000        0.7115121536
    0    Moment
    1    num
        0.0318000000        1.0000000000
    1    Moment
    3    num
        3.8840000000       -0.0820601045
        0.7660000000        0.6756413371
        0.2890000000        0.4195482230
    1    Moment
    2    num
        0.2896000000       -0.1501079339
        0.0629000000        1.0686925290
    1    Moment
    1    num
        0.0223000000        1.0000000000
    2    Moment
    3    num
        1.5230000000        0.1074843022
        0.5634000000        0.4563954094
        0.1834000000        0.6039855125
    2    Moment
    1    num
        0.0569000000        1.0000000000
Zr  ------------------------------------
   40    iatm
    8    NShl
    0    Moment
    3    num
        1.1540000000       -0.1107349743
        0.3910000000       -0.5760162380
        0.1001000000        1.3352807010
    0    Moment
    3    num
        1.9760000000       -0.9206747126
        1.1540000000        1.0929032520
        0.3910000000        0.6795622570
    0    Moment
    1    num
        0.0334000000        1.0000000000
    1    Moment
    3    num
        4.1920000000       -0.0942553978
        0.8764000000        0.6783674843
        0.3263000000        0.4246617902
    1    Moment
    2    num
        0.2972000000       -0.1527401751
        0.0724000000        1.0777185300
    1    Moment
    1    num
        0.0243000000        1.0000000000
    2    Moment
    3    num
        2.2690000000        0.0599741045
        0.7855000000        0.4734158354
        0.2615000000        0.6117178458
    2    Moment
    1    num
        0.0802000000        1.0000000000
Nb  ------------------------------------
   41    iatm
    8    NShl
    0    Moment
    3    num
        1.2090000000       -0.1667930452
        0.4165000000       -0.9594086761
        0.1454000000        1.6050386810
    0    Moment
    3    num
        2.1820000000       -0.8846140757
        1.2090000000        1.1033775960
        0.4165000000        0.6298773691
    0    Moment
    1    num
        0.0392000000        1.0000000000
    1    Moment
    3    num
        4.5190000000       -0.0817303002
        0.9406000000        0.6995115015
        0.3492000000        0.3980996008
    1    Moment
    2    num
        0.4106000000       -0.1212175669
        0.0752000000        1.0480477140
    1    Moment
    1    num
        0.0247000000        1.0000000000
    2    Moment
    3    num
        3.4660000000        0.0315982993
        0.9938000000        0.4834305890
        0.3350000000        0.6164892859
    2    Moment
    1    num
        0.1024000000        1.0000000000
Mo  ------------------------------------
   42    iatm
    8    NShl
    0    Moment
    3    num
        1.3090000000       -0.1859569937
        0.4500000000       -1.0256654200
        0.1681000000        1.6727881540
    0    Moment
    3    num
        2.3610000000       -0.9121761947
        1.3090000000        1.1477452450
        0.4500000000        0.6097110301
    0    Moment
    1    num
        0.0423000000        1.0000000000
    1    Moment
    3    num
        4.8950000000       -0.0908257996
        1.0440000000        0.7042898967
        0.3877000000        0.3973178981
    1    Moment
    2    num
        0.4995000000       -0.1081945315
        0.0780000000        1.0368093020
    1    Moment
    1    num
        0.0247000000        1.0000000000
    2    Moment
    3    num
        2.9930000000        0.0527063001
        1.0630000000        0.5003907009
        0.3721000000        0.5794024010
    2    Moment
    1    num
        0.1178000000        1.0000000000
Tc  ------------------------------------
   43    iatm
    8    NShl
    0    Moment
    3    num
        1.6340000000       -0.1607299394
        0.5094000000       -0.8619801780
        0.1706000000        1.5444699060
    0    Moment
    3    num
        2.3420000000       -1.4911782040
        1.6340000000        1.6749042290
        0.5094000000        0.6573006900
    0    Moment
    1    num
        0.0435000000        1.0000000000
    1    Moment
    3    num
        5.2780000000       -0.0995418950
        1.1560000000        0.7081543643
        0.4302000000        0.3973570800
    1    Moment
    2    num
        0.4767000000       -0.0973127193
        0.0895000000        1.0404862060
    1    Moment
    1    num
        0.0246000000        1.0000000000
    2    Moment
    3    num
        4.6320000000        0.0268724002
        1.2790000000        0.5073089046
        0.4425000000        0.5911381054
    2    Moment
    1    num
        0.1364000000        1.0000000000
Ru  ------------------------------------
   44    iatm
    8    NShl
    0    Moment
    3    num
        1.5080000000       -0.1754110411
        0.5129000000       -0.4465363900
        0.1362000000        1.2958419660
    0    Moment
    3    num
        2.5650000000       -1.0431059230
        1.5080000000        1.3314789020
        0.5129000000        0.5613064585
    0    Moment
    1    num
        0.0417000000        1.0000000000
    1    Moment
    3    num
        4.8590000000       -0.0945754947
        1.2190000000        0.7434797586
        0.4413000000        0.3668143796
    1    Moment
    2    num
        0.5725000000       -0.0880864032
        0.0830000000        1.0283970370
    1    Moment
    1    num
        0.0250000000        1.0000000000
    2    Moment
    3    num
        4.1950000000        0.0485729009
        1.3770000000        0.5105223094
        0.4828000000        0.5730028106
    2    Moment
    1    num
        0.1501000000        1.0000000000
Rh  ------------------------------------
   45    iatm
    8    NShl
    0    Moment
    3    num
        1.7510000000       -0.1624743228
        0.5713000000       -0.4479527524
        0.1438000000        1.2808742310
    0    Moment
    3    num
        2.6460000000       -1.3554080940
        1.7510000000        1.6112231120
        0.5713000000        0.5893814411
    0    Moment
    1    num
        0.0428000000        1.0000000000
    1    Moment
    3    num
        5.4400000000       -0.0987698969
        1.3290000000        0.7433594767
        0.4845000000        0.3668461885
    1    Moment
    2    num
        0.6595000000       -0.0838056064
        0.0869000000        1.0244840780
    1    Moment
    1    num
        0.0257000000        1.0000000000
    2    Moment
    3    num
        3.6690000000        0.0760058997
        1.4230000000        0.5158851978
        0.5091000000        0.5436584977
    2    Moment
    1    num
        0.1610000000        1.0000000000
Pd  ------------------------------------
   46    iatm
    8    NShl
    0    Moment
    3    num
        1.9650000000       -0.1524084989
        0.6243000000       -0.4306476831
        0.1496000000        1.2614289060
    0    Moment
    3    num
        2.7870000000       -1.6102390660
        1.9650000000        1.8489840760
        0.6243000000        0.6037492248
    0    Moment
    1    num
        0.0436000000        1.0000000000
    1    Moment
    3    num
        5.9990000000       -0.1034909945
        1.4430000000        0.7456951606
        0.5264000000        0.3656493807
    1    Moment
    2    num
        0.7368000000        0.0763285027
        0.0899000000        0.9740065349
    1    Moment
    1    num
        0.0262000000        1.0000000000
    2    Moment
    3    num
        6.0910000000        0.0376146007
        1.7190000000        0.5200479099
        0.6056000000        0.5706071108
    2    Moment
    1    num
        0.1883000000        1.0000000000
Ag  ------------------------------------
   47    iatm
    8    NShl
    0    Moment
    3    num
        2.1490000000       -0.0926033727
        0.6684000000       -0.1424057126
        0.0997000000        1.0832670110
    0    Moment
    3    num
        2.9500000000       -1.7910555820
        2.1490000000        2.0244565280
        0.6684000000        0.6072837583
    0    Moment
    1    num
        0.0347000000        1.0000000000
    1    Moment
    3    num
        6.5530000000       -0.1079117021
        1.5650000000        0.7403645146
        0.5748000000        0.3721008074
    1    Moment
    2    num
        0.9085000000       -0.0418371335
        0.0833000000        1.0087598090
    1    Moment
    1    num
        0.0252000000        1.0000000000
    2    Moment
    3    num
        3.3910000000        0.1396937928
        1.5990000000        0.4744420757
        0.6282000000        0.5156310736
    2    Moment
    1    num
        0.2108000000        1.0000000000
Cd  ------------------------------------
   48    iatm
    6    NShl
    0    Moment
    2    num
        0.5095000000       -1.2713001630
        0.1924000000        1.8002111480
    0    Moment
    1    num
        0.0544000000        1.0000000000
    1    Moment
    2    num
        0.8270000000       -0.1083020004
        0.1287000000        1.0367049040
    1    Moment
    1    num
        0.0405000000        1.0000000000
    2    Moment
    3    num
        5.1480000000        0.0703071054
        1.9660000000        0.5138427394
        0.7360000000        0.5416758415
    2    Moment
    1    num
        0.2479000000        1.0000000000
In  ------------------------------------
   49    iatm
    4    NShl
    0    Moment
    2    num
        0.4915000000       -4.2418681560
        0.3404000000        4.4784826590
    0    Moment
    1    num
        0.0774000000        1.0000000000
    1    Moment
    2    num
        0.9755000000       -0.1226472983
        0.1550000000        1.0417570850
    1    Moment
    1    num
        0.0474000000        1.0000000000
Sn  ------------------------------------
   50    iatm
    4    NShl
    0    Moment
    2    num
        0.5418000000       -4.2089643390
        0.3784000000        4.5198367340
    0    Moment
    1    num
        0.0926000000        1.0000000000
    1    Moment
    2    num
        1.0470000000       -0.1417678040
        0.1932000000        1.0554488290
    1    Moment
    1    num
        0.0630000000        1.0000000000
Sb  ------------------------------------
   51    iatm
    4    NShl
    0    Moment
    2    num
        0.5863000000       -4.7537662780
        0.4293000000        5.1096593840
    0    Moment
    1    num
        0.1078000000        1.0000000000
    1    Moment
    2    num
        1.1110000000       -0.1811706931
        0.2365000000        1.0791648590
    1    Moment
    1    num
        0.0800000000        1.0000000000
Te  ------------------------------------
   52    iatm
    4    NShl
    0    Moment
    2    num
        0.6938000000       -2.4115012980
        0.4038000000        2.9179975980
    0    Moment
    1    num
        0.1165000000        1.0000000000
    1    Moment
    2    num
        1.2310000000       -0.1923339877
        0.2756000000        1.0876381300
    1    Moment
    1    num
        0.0911000000        1.0000000000
I   ------------------------------------
   53    iatm
    4    NShl
    0    Moment
    2    num
        0.7242000000       -2.9731047520
        0.4653000000        3.4827642440
    0    Moment
    1    num
        0.1336000000        1.0000000000
    1    Moment
    2    num
        1.2900000000       -0.2092377099
        0.3180000000        1.1035347520
    1    Moment
    1    num
        0.1053000000        1.0000000000
Xe  ------------------------------------
   54    iatm
    4    NShl
    0    Moment
    2    num
        0.7646000000       -3.6543173000
        0.5322000000        4.1674920140
    0    Moment
    1    num
        0.1491000000        1.0000000000
    1    Moment
    2    num
        1.2110000000       -0.2616924143
        0.3808000000        1.1570355630
    1    Moment
    1    num
        0.1259000000        1.0000000000
Cs  ------------------------------------
   55    iatm
    6    NShl
    0    Moment
    3    num
        0.5393000000       -0.0763944680
        0.1724000000       -0.5958729210
        0.0393000000        1.3058767690
    0    Moment
    3    num
        0.8709000000       -1.1604796830
        0.5393000000        1.4198516120
        0.1724000000        0.5872903394
    0    Moment
    1    num
        0.0151000000        1.0000000000
    1    Moment
    3    num
        1.4680000000       -0.1321033039
        0.4134000000        0.6572410192
        0.1536000000        0.4756456139
    1    Moment
    2    num
        0.1458000000       -0.1680428444
        0.0279000000        1.0664940460
    1    Moment
    1    num
        0.0113000000        1.0000000000
Ba  ------------------------------------
   56    iatm
    6    NShl
    0    Moment
    3    num
        0.6676000000       -0.1519873866
        0.1982000000       -1.1701562800
        0.0823000000        1.8173394280
    0    Moment
    3    num
        0.8699000000       -2.2549748350
        0.6676000000        2.5145788160
        0.1982000000        0.5775183577
    0    Moment
    1    num
        0.0231000000        1.0000000000
    1    Moment
    3    num
        1.6050000000       -0.1626403001
        0.4790000000        0.6971289002
        0.1818000000        0.4505107001
    1    Moment
    2    num
        0.1804000000       -0.2642321117
        0.0476000000        1.1346282980
    1    Moment
    1    num
        0.0192000000        1.0000000000
La  ------------------------------------
   57    iatm
    8    NShl
    0    Moment
    3    num
        0.7427000000       -0.1471929090
        0.2237000000       -0.7947856962
        0.0792000000        1.5498672470
    0    Moment
    3    num
        0.9167000000       -3.0240738670
        0.7427000000        3.2971467650
        0.2237000000        0.5513539935
    0    Moment
    1    num
        0.0239000000        1.0000000000
    1    Moment
    3    num
        1.5540000000       -0.1817168043
        0.5622000000        0.6632226158
        0.2239000000        0.5029782120
    1    Moment
    2    num
        0.2125000000       -0.1968810424
        0.0483000000        1.0907542350
    1    Moment
    1    num
        0.0179000000        1.0000000000
    2    Moment
    2    num
        0.4524000000        0.4468051102
        0.1602000000        0.6543493149
    2    Moment
    1    num
        0.0531000000        1.0000000000
Hf  ------------------------------------
   72    iatm
    8    NShl
    0    Moment
    3    num
        1.1830000000       -0.1798399121
        0.3897000000       -1.1330293360
        0.1656000000        1.8214227110
    0    Moment
    3    num
        1.9500000000       -1.2260855060
        1.1830000000        1.5695076480
        0.3897000000        0.4933414037
    0    Moment
    1    num
        0.0424000000        1.0000000000
    1    Moment
    3    num
        1.9720000000       -0.6323467720
        1.3540000000        1.0465161190
        0.4134000000        0.5801670661
    1    Moment
    2    num
        0.3427000000       -0.1739178597
        0.0804000000        1.0841643720
    1    Moment
    1    num
        0.0274000000        1.0000000000
    2    Moment
    2    num
        0.8226000000        0.4490404823
        0.2585000000        0.6723890735
    2    Moment
    1    num
        0.0762000000        1.0000000000
Ta  ------------------------------------
   73    iatm
    8    NShl
    0    Moment
    3    num
        1.2670000000       -0.2226336470
        0.4157000000       -0.8583473654
        0.1671000000        1.6494396160
    0    Moment
    3    num
        2.0440000000       -1.3104786320
        1.2670000000        1.6579928000
        0.4157000000        0.4848339339
    0    Moment
    1    num
        0.0482000000        1.0000000000
    1    Moment
    3    num
        2.5650000000       -0.2917238002
        1.2290000000        0.7570649005
        0.4244000000        0.5240081003
    1    Moment
    2    num
        0.4360000000       -0.1513014516
        0.0840000000        1.0613123620
    1    Moment
    1    num
        0.0280000000        1.0000000000
    2    Moment
    2    num
        0.8948000000        0.4731071723
        0.2989000000        0.6399199626
    2    Moment
    1    num
        0.0935000000        1.0000000000
W   ------------------------------------
   74    iatm
    8    NShl
    0    Moment
    3    num
        1.3470000000       -0.2382708187
        0.4366000000       -0.8732679701
        0.1883000000        1.6996115850
    0    Moment
    3    num
        2.1370000000       -1.3916150010
        1.3470000000        1.7510260010
        0.4366000000        0.4694647003
    0    Moment
    1    num
        0.0518000000        1.0000000000
    1    Moment
    3    num
        3.0050000000       -0.2405563124
        1.2280000000        0.7364092379
        0.4415000000        0.4881487251
    1    Moment
    2    num
        0.4010000000       -0.1497499457
        0.0900000000        1.0707463270
    1    Moment
    1    num
        0.0280000000        1.0000000000
    2    Moment
    2    num
        0.9519000000        0.4985264991
        0.3270000000        0.6111109988
    2    Moment
    1    num
        0.1054000000        1.0000000000
Re  ------------------------------------
   75    iatm
    8    NShl
    0    Moment
    3    num
        1.4510000000       -0.2903392351
        0.4585000000       -1.2550706400
        0.2314000000        2.0255227490
    0    Moment
    3    num
        2.1850000000       -1.6223726630
        1.4510000000        1.9938645860
        0.4585000000        0.4531165060
    0    Moment
    1    num
        0.0566000000        1.0000000000
    1    Moment
    3    num
        3.3580000000       -0.2318666976
        1.2710000000        0.7458682922
        0.4644000000        0.4632685952
    1    Moment
    2    num
        0.4960000000       -0.1311370081
        0.0890000000        1.0503670650
    1    Moment
    1    num
        0.0280000000        1.0000000000
    2    Moment
    2    num
        1.1160000000        0.4689887928
        0.4267000000        0.6209590905
    2    Moment
    1    num
        0.1378000000        1.0000000000
Os  ------------------------------------
   76    iatm
    8    NShl
    0    Moment
    3    num
        1.4960000000       -0.3186834974
        0.4774000000       -1.1109673360
        0.2437000000        1.9540060390
    0    Moment
    3    num
        2.2220000000       -1.6538040840
        1.4960000000        2.0670301060
        0.4774000000        0.4232017216
    0    Moment
    1    num
        0.0583000000        1.0000000000
    1    Moment
    3    num
        2.5180000000       -0.4177344893
        1.4600000000        0.9434946759
        0.4923000000        0.4672975881
    1    Moment
    2    num
        0.5100000000       -0.1490278396
        0.0980000000        1.0603615700
    1    Moment
    1    num
        0.0290000000        1.0000000000
    2    Moment
    2    num
        1.1830000000        0.4838469982
        0.4492000000        0.6079572977
    2    Moment
    1    num
        0.1463000000        1.0000000000
Ir  ------------------------------------
   77    iatm
    8    NShl
    0    Moment
    3    num
        1.5820000000       -0.3342007698
        0.5018000000       -0.9759630277
        0.2500000000        1.8523817430
    0    Moment
    3    num
        2.3500000000       -1.6784640340
        1.5820000000        2.0952550430
        0.5018000000        0.4162934085
    0    Moment
    1    num
        0.0598000000        1.0000000000
    1    Moment
    3    num
        2.7920000000       -0.3889211885
        1.5410000000        0.9077515732
        0.5285000000        0.4691442862
    1    Moment
    2    num
        0.5100000000       -0.1170669243
        0.0980000000        1.0489002180
    1    Moment
    1    num
        0.0290000000        1.0000000000
    2    Moment
    2    num
        1.2400000000        0.5087021868
        0.4647000000        0.5862101848
    2    Moment
    1    num
        0.1529000000        1.0000000000
Pt  ------------------------------------
   78    iatm
    8    NShl
    0    Moment
    3    num
        1.6140000000       -0.3170893258
        0.5167000000       -0.9989300976
        0.2651000000        1.8910687200
    0    Moment
    3    num
        2.5470000000       -1.4739182790
        1.6140000000        1.9115723610
        0.5167000000        0.3922319741
    0    Moment
    1    num
        0.0580000000        1.0000000000
    1    Moment
    3    num
        2.9110000000       -0.5247437995
        1.8360000000        0.9671883990
        0.5982000000        0.5438631994
    1    Moment
    2    num
        0.6048000000       -0.1061438262
        0.0996000000        1.0383102560
    1    Moment
    1    num
        0.0290000000        1.0000000000
    2    Moment
    2    num
        1.2430000000        0.5598149886
        0.4271000000        0.5511089887
    2    Moment
    1    num
        0.1370000000        1.0000000000
Au  ------------------------------------
   79    iatm
    8    NShl
    0    Moment
    3    num
        1.5950000000       -0.3687038149
        0.5327000000       -1.0348289050
        0.2826000000        1.9450116400
    0    Moment
    3    num
        2.8090000000       -1.2021561300
        1.5950000000        1.6741581810
        0.5327000000        0.3526593382
    0    Moment
    1    num
        0.0598000000        1.0000000000
    1    Moment
    3    num
        3.6840000000       -0.2802680816
        1.6660000000        0.7818397487
        0.5989000000        0.4804775685
    1    Moment
    2    num
        0.6838000000       -0.0952077721
        0.0977000000        1.0299146980
    1    Moment
    1    num
        0.0279000000        1.0000000000
    2    Moment
    2    num
        1.2870000000        0.5844272770
        0.4335000000        0.5298160791
    2    Moment
    1    num
        0.1396000000        1.0000000000
Hg  ------------------------------------
   80    iatm
    6    NShl
    0    Moment
    2    num
        0.5275000000       -1.7292589210
        0.2334000000        2.1279420260
    0    Moment
    1    num
        0.0686100000        1.0000000000
    1    Moment
    2    num
        0.6503000000       -0.1436715029
        0.1368000000        1.0640703210
    1    Moment
    1    num
        0.0425600000        1.0000000000
    2    Moment
    2    num
        1.4840000000        0.5452267291
        0.5605000000        0.5488746647
    2    Moment
    1    num
        0.1923000000        1.0000000000
Tl  ------------------------------------
   81    iatm
    6    NShl
    0    Moment
    2    num
        0.5355000000       -2.5870431650
        0.3082000000        2.9785004770
    0    Moment
    1    num
        0.0818300000        1.0000000000
    1    Moment
    2    num
        0.7977000000       -0.1428516310
        0.1498000000        1.0568424150
    1    Moment
    1    num
        0.0443500000        1.0000000000
    2    Moment
    2    num
        8.6550000000        0.0248771698
        1.4150000000        0.9927510070
    2    Moment
    1    num
        0.4442000000        1.0000000000
Pb  ------------------------------------
   82    iatm
    4    NShl
    0    Moment
    2    num
        0.5135000000       -4.3675036330
        0.3756000000        4.8504656370
    0    Moment
    1    num
        0.0944000000        1.0000000000
    1    Moment
    2    num
        0.8748000000       -0.1793128035
        0.1843000000        1.0776505210
    1    Moment
    1    num
        0.0598000000        1.0000000000
Bi  ------------------------------------
   83    iatm
    4    NShl
    0    Moment
    2    num
        0.5744000000       -3.2278875330
        0.3851000000        3.7637689380
    0    Moment
    1    num
        0.1050000000        1.0000000000
    1    Moment
    2    num
        0.9105000000       -0.2164188974
        0.2194000000        1.1041866870
    1    Moment
    1    num
        0.0745000000        1.0000000000
end
