 Amesp basis library : sto-4g

H   ------------------------------------
    1    iatm
    1    NShl
    0    Moment
    4    num
        8.0214201550        0.0567524208
        1.4678210610        0.2601413550
        0.4077767635        0.5328461143
        0.1353374420        0.2916254405
He  ------------------------------------
    2    iatm
    1    NShl
    0    Moment
    4    num
       14.8998296700        0.0567524208
        2.7264852580        0.2601413550
        0.7574474599        0.5328461143
        0.2513900027        0.2916254405
Li  ------------------------------------
    3    iatm
    3    NShl
    0    Moment
    4    num
       37.7496087300        0.0567524208
        6.9077133070        0.2601413550
        1.9190383970        0.5328461143
        0.6369115922        0.2916254405
    0    Moment
    4    num
        1.4870423520       -0.0622071456
        0.3219127620        0.0000297680
        0.1046660300        0.5588549221
        0.0401986830        0.4977673218
    1    Moment
    4    num
        1.4870423520        0.0436843488
        0.3219127620        0.2863793984
        0.1046660300        0.5835753141
        0.0401986830        0.2463134378
Be  ------------------------------------
    4    iatm
    3    NShl
    0    Moment
    4    num
       70.6485954200        0.0567524208
       12.9278225400        0.2601413550
        3.5914906620        0.5328461143
        1.1919834640        0.2916254405
    0    Moment
    4    num
        3.0728336100       -0.0622071456
        0.6652025433        0.0000297680
        0.2162825386        0.5588549221
        0.0830668097        0.4977673218
    1    Moment
    4    num
        3.0728336100        0.0436843488
        0.6652025433        0.2863793984
        0.2162825386        0.5835753141
        0.0830668097        0.2463134378
B   ------------------------------------
    5    iatm
    3    NShl
    0    Moment
    4    num
      114.2614157000        0.0567524208
       20.9084313300        0.2601413550
        5.8085911720        0.5328461143
        1.9278191920        0.2916254405
    0    Moment
    4    num
        5.2278832690       -0.0622071456
        1.1317245540        0.0000297680
        0.3679665118        0.5588549221
        0.1413234948        0.4977673218
    1    Moment
    4    num
        5.2278832690        0.0436843488
        1.1317245540        0.2863793984
        0.3679665118        0.5835753141
        0.1413234948        0.2463134378
C   ------------------------------------
    6    iatm
    3    NShl
    0    Moment
    4    num
      167.7158132000        0.0567524208
       30.6899274900        0.2601413550
        8.5259979140        0.5328461143
        2.8297020610        0.2916254405
    0    Moment
    4    num
        6.8738532720       -0.0622071456
        1.4880417420        0.0000297680
        0.4838187237        0.5588549221
        0.1858184120        0.4977673218
    1    Moment
    4    num
        6.8738532720        0.0436843488
        1.4880417420        0.2863793984
        0.4838187237        0.5835753141
        0.1858184120        0.2463134378
N   ------------------------------------
    7    iatm
    3    NShl
    0    Moment
    4    num
      232.0916748000        0.0567524208
       42.4699170200        0.2601413550
       11.7986080000        0.5328461143
        3.9158519280        0.2916254405
    0    Moment
    4    num
        8.8351227240       -0.0622071456
        1.9126144960        0.0000297680
        0.6218634049        0.5588549221
        0.2388367062        0.4977673218
    1    Moment
    4    num
        8.8351227240        0.0436843488
        1.9126144960        0.2863793984
        0.6218634049        0.5835753141
        0.2388367062        0.2463134378
O   ------------------------------------
    8    iatm
    3    NShl
    0    Moment
    4    num
      306.1014831000        0.0567524208
       56.0128001200        0.2601413550
       15.5609692200        0.5328461143
        5.1645457940        0.2916254405
    0    Moment
    4    num
       11.7627373500       -0.0622071456
        2.5463802460        0.0000297680
        0.8279246515        0.5588549221
        0.3179778633        0.4977673218
    1    Moment
    4    num
       11.7627373500        0.0436843488
        2.5463802460        0.2863793984
        0.8279246515        0.5835753141
        0.3179778633        0.2463134378
F   ------------------------------------
    9    iatm
    3    NShl
    0    Moment
    4    num
      390.3373501000        0.0567524208
       71.4269259600        0.2601413550
       19.8431821600        0.5328461143
        6.5857737740        0.2916254405
    0    Moment
    4    num
       15.1085826500       -0.0622071456
        3.2706839610        0.0000297680
        1.0634232190        0.5588549221
        0.4084249000        0.4977673218
    1    Moment
    4    num
       15.1085826500        0.0436843488
        3.2706839610        0.2863793984
        1.0634232190        0.5835753141
        0.4084249000        0.2463134378
Ne  ------------------------------------
   10    iatm
    3    NShl
    0    Moment
    4    num
      484.7992758000        0.0567524208
       88.7122945400        0.2601413550
       24.6452468300        0.5328461143
        8.1795358680        0.2916254405
    0    Moment
    4    num
       19.2720688800       -0.0622071456
        4.1719893950        0.0000297680
        1.3564717490        0.5588549221
        0.5209749312        0.4977673218
    1    Moment
    4    num
       19.2720688800        0.0436843488
        4.1719893950        0.2863793984
        1.3564717490        0.5835753141
        0.5209749312        0.2463134378
Na  ------------------------------------
   11    iatm
    5    NShl
    0    Moment
    4    num
      587.2711446000        0.0567524208
      107.4633840000        0.2601413550
       29.8545048100        0.5328461143
        9.9084417640        0.2916254405
    0    Moment
    4    num
       28.1385589100       -0.0622071456
        6.0913942390        0.0000297680
        1.9805429530        0.5588549221
        0.7606595784        0.4977673218
    1    Moment
    4    num
       28.1385589100        0.0436843488
        6.0913942390        0.2863793984
        1.9805429530        0.5835753141
        0.7606595784        0.2463134378
    0    Moment
    4    num
        2.8227284340       -0.0852901964
        0.7762611002       -0.2132074034
        0.3055295920        0.5920843928
        0.1359747193        0.6115584746
    1    Moment
    4    num
        2.8227284340       -0.0250494518
        0.7762611002        0.1686604461
        0.3055295920        0.6409553151
        0.1359747193        0.2779508957
Mg  ------------------------------------
   12    iatm
    5    NShl
    0    Moment
    4    num
      700.7688142000        0.0567524208
      128.2320592000        0.2601413550
       35.6242702100        0.5328461143
       11.8233750300        0.2916254405
    0    Moment
    4    num
       35.3404909000       -0.0622071456
        7.6504579840        0.0000297680
        2.4874536200        0.5588549221
        0.9553468248        0.4977673218
    1    Moment
    4    num
       35.3404909000        0.0436843488
        7.6504579840        0.2863793984
        2.4874536200        0.5835753141
        0.9553468248        0.2463134378
    0    Moment
    4    num
        2.6637339350       -0.0852901964
        0.7325370055       -0.2132074034
        0.2883201700        0.5920843928
        0.1283157351        0.6115584746
    1    Moment
    4    num
        2.6637339350       -0.0250494518
        0.7325370055        0.1686604461
        0.2883201700        0.6409553151
        0.1283157351        0.2779508957
Al  ------------------------------------
   13    iatm
    5    NShl
    0    Moment
    4    num
      822.9760059000        0.0567524208
      150.5944697000        0.2601413550
       41.8367926900        0.5328461143
       13.8852553900        0.2916254405
    0    Moment
    4    num
       44.1688754600       -0.0622071456
        9.5616138130        0.0000297680
        3.1088427570        0.5588549221
        1.1940013810        0.4977673218
    1    Moment
    4    num
       44.1688754600        0.0436843488
        9.5616138130        0.2863793984
        3.1088427570        0.5835753141
        1.1940013810        0.2463134378
    0    Moment
    4    num
        2.6637339350       -0.0852901964
        0.7325370055       -0.2132074034
        0.2883201700        0.5920843928
        0.1283157351        0.6115584746
    1    Moment
    4    num
        2.6637339350       -0.0250494518
        0.7325370055        0.1686604461
        0.2883201700        0.6409553151
        0.1283157351        0.2779508957
Si  ------------------------------------
   14    iatm
    5    NShl
    0    Moment
    4    num
      955.0002556000        0.0567524208
      174.7532808000        0.2601413550
       48.5483749500        0.5328461143
       16.1127692100        0.2916254405
    0    Moment
    4    num
       54.2047848800       -0.0622071456
       11.7341728600        0.0000297680
        3.8152239810        0.5588549221
        1.4652985230        0.4977673218
    1    Moment
    4    num
       54.2047848800        0.0436843488
       11.7341728600        0.2863793984
        3.8152239810        0.5835753141
        1.4652985230        0.2463134378
    0    Moment
    4    num
        2.8227284340       -0.0852901964
        0.7762611002       -0.2132074034
        0.3055295920        0.5920843928
        0.1359747193        0.6115584746
    1    Moment
    4    num
        2.8227284340       -0.0250494518
        0.7762611002        0.1686604461
        0.3055295920        0.6409553151
        0.1359747193        0.2779508957
P   ------------------------------------
   15    iatm
    5    NShl
    0    Moment
    4    num
     1096.8415630000        0.0567524208
      200.7084925000        0.2601413550
       55.7590169900        0.5328461143
       18.5059164800        0.2916254405
    0    Moment
    4    num
       65.5137419700       -0.0622071456
       14.1823194200        0.0000297680
        4.6112091390        0.5588549221
        1.7710095070        0.4977673218
    1    Moment
    4    num
       65.5137419700        0.0436843488
       14.1823194200        0.2863793984
        4.6112091390        0.5835753141
        1.7710095070        0.2463134378
    0    Moment
    4    num
        3.3273631500       -0.0852901964
        0.9150375744       -0.2132074034
        0.3601508006        0.5920843928
        0.1602836691        0.6115584746
    1    Moment
    4    num
        3.3273631500       -0.0250494518
        0.9150375744        0.1686604461
        0.3601508006        0.6409553151
        0.1602836691        0.2779508957
S   ------------------------------------
   16    iatm
    5    NShl
    0    Moment
    4    num
     1248.4999290000        0.0567524208
      228.4601050000        0.2601413550
       63.4687188100        0.5328461143
       21.0646972100        0.2916254405
    0    Moment
    4    num
       77.8933695500       -0.0622071456
       16.8622431600        0.0000297680
        5.4825538390        0.5588549221
        2.1056635430        0.4977673218
    1    Moment
    4    num
       77.8933695500        0.0436843488
       16.8622431600        0.2863793984
        5.4825538390        0.5835753141
        2.1056635430        0.2463134378
    0    Moment
    4    num
        3.8734746920       -0.0852901964
        1.0652203340       -0.2132074034
        0.4192614237        0.5920843928
        0.1865906148        0.6115584746
    1    Moment
    4    num
        3.8734746920       -0.0250494518
        1.0652203340        0.1686604461
        0.4192614237        0.6409553151
        0.1865906148        0.2779508957
Cl  ------------------------------------
   17    iatm
    5    NShl
    0    Moment
    4    num
     1408.2605760000        0.0567524208
      257.6943351000        0.2601413550
       71.5903080500        0.5328461143
       23.7601796600        0.2916254405
    0    Moment
    4    num
       91.0525326100       -0.0622071456
       19.7109196100        0.0000297680
        6.4087664340        0.5588549221
        2.4613904820        0.4977673218
    1    Moment
    4    num
       91.0525326100        0.0436843488
       19.7109196100        0.2863793984
        6.4087664340        0.5835753141
        2.4613904820        0.2463134378
    0    Moment
    4    num
        4.0647289460       -0.0852901964
        1.1178159840       -0.2132074034
        0.4399626124        0.5920843928
        0.1958035957        0.6115584746
    1    Moment
    4    num
        4.0647289460       -0.0250494518
        1.1178159840        0.1686604461
        0.4399626124        0.6409553151
        0.1958035957        0.2779508957
Ar  ------------------------------------
   18    iatm
    5    NShl
    0    Moment
    4    num
     1579.4518510000        0.0567524208
      289.0202292000        0.2601413550
       80.2929844700        0.5328461143
       26.6485197300        0.2916254405
    0    Moment
    4    num
      105.5511955000       -0.0622071456
       22.8495690400        0.0000297680
        7.4292602270        0.5588549221
        2.8533276410        0.4977673218
    1    Moment
    4    num
      105.5511955000        0.0436843488
       22.8495690400        0.2863793984
        7.4292602270        0.5835753141
        2.8533276410        0.2463134378
    0    Moment
    4    num
        5.0038564560       -0.0852901964
        1.3760796360       -0.2132074034
        0.5416129312        0.5920843928
        0.2410426623        0.6115584746
    1    Moment
    4    num
        5.0038564560       -0.0250494518
        1.3760796360        0.1686604461
        0.5416129312        0.6409553151
        0.2410426623        0.2779508957
K   ------------------------------------
   19    iatm
    7    NShl
    0    Moment
    4    num
     1806.7607230000        0.0567524208
      330.6149522000        0.2601413550
       91.8484539800        0.5328461143
       30.4836761800        0.2916254405
    0    Moment
    4    num
      122.4663023000       -0.0622071456
       26.5113267100        0.0000297680
        8.6198363180        0.5588549221
        3.3105876600        0.4977673218
    1    Moment
    4    num
      122.4663023000        0.0436843488
       26.5113267100        0.2863793984
        8.6198363180        0.5835753141
        3.3105876600        0.2463134378
    0    Moment
    4    num
        6.9704110320       -0.0852901964
        1.9168896560       -0.2132074034
        0.7544710332        0.5920843928
        0.3357743067        0.6115584746
    1    Moment
    4    num
        6.9704110320       -0.0250494518
        1.9168896560        0.1686604461
        0.7544710332        0.6409553151
        0.3357743067        0.2779508957
    0    Moment
    4    num
        0.8976145380       -0.0589355981
        0.3321837707       -0.4289230261
        0.1428153329        0.5472998468
        0.0709417651        0.7853692030
    1    Moment
    4    num
        0.8976145380       -0.0718052266
        0.3321837707        0.0372686343
        0.1428153329        0.6965842249
        0.0709417651        0.3310236850
Ca  ------------------------------------
   20    iatm
    7    NShl
    0    Moment
    4    num
     2000.0150770000        0.0567524208
      365.9781180000        0.2601413550
      101.6727287000        0.5328461143
       33.7442646400        0.2916254405
    0    Moment
    4    num
      139.1955288000       -0.0622071456
       30.1328452800        0.0000297680
        9.7973291560        0.5588549221
        3.7628228430        0.4977673218
    1    Moment
    4    num
      139.1955288000        0.0436843488
       30.1328452800        0.2863793984
        9.7973291560        0.5835753141
        3.7628228430        0.2463134378
    0    Moment
    4    num
        8.3507598000       -0.0852901964
        2.2964908390       -0.2132074034
        0.9038787448        0.5920843928
        0.4022676095        0.6115584746
    1    Moment
    4    num
        8.3507598000       -0.0250494518
        2.2964908390        0.1686604461
        0.9038787448        0.6409553151
        0.4022676095        0.2779508957
    0    Moment
    4    num
        0.8118870602       -0.0589355981
        0.3004582631       -0.4289230261
        0.1291756270        0.5472998468
        0.0641664085        0.7853692030
    1    Moment
    4    num
        0.8118870602       -0.0718052266
        0.3004582631        0.0372686343
        0.1291756270        0.6965842249
        0.0641664085        0.3310236850
Sc  ------------------------------------
   21    iatm
    8    NShl
    0    Moment
    4    num
     2205.2311340000        0.0567524208
      403.5301281000        0.2601413550
      112.1050883000        0.5328461143
       37.2066710000        0.2916254405
    0    Moment
    4    num
      156.9954257000       -0.0622071456
       33.9861410400        0.0000297680
       11.0501815400        0.5588549221
        4.2440010780        0.4977673218
    1    Moment
    4    num
      156.9954257000        0.0436843488
       33.9861410400        0.2863793984
       11.0501815400        0.5835753141
        4.2440010780        0.2463134378
    0    Moment
    4    num
        8.9050036980       -0.0888885878
        2.6662642780       -0.2026189326
        1.0575497680        0.5450886531
        0.4701549800        0.6517016167
    1    Moment
    4    num
        8.9050036980       -0.0258036399
        2.6662642780        0.1591409820
        1.0575497680        0.6284124830
        0.4701549800        0.3009838577
    0    Moment
    4    num
        1.1237191140       -0.0589355981
        0.4158591877       -0.4289230261
        0.1787897952        0.5472998468
        0.0888116380        0.7853692030
    1    Moment
    4    num
        1.1237191140       -0.0718052266
        0.4158591877        0.0372686343
        0.1787897952        0.6965842249
        0.0888116380        0.3310236850
    2    Moment
    4    num
        1.0457055420        0.0692077243
        0.3130967068        0.3728157695
        0.1241869954        0.5664092659
        0.0552098219        0.1585946537
Ti  ------------------------------------
   22    iatm
    8    NShl
    0    Moment
    4    num
     2420.4677050000        0.0567524208
      442.9157689000        0.2601413550
      123.0468506000        0.5328461143
       40.8381435400        0.2916254405
    0    Moment
    4    num
      175.8659932000       -0.0622071456
       38.0712139900        0.0000297680
       12.3783934600        0.5588549221
        4.7541223650        0.4977673218
    1    Moment
    4    num
      175.8659932000        0.0436843488
       38.0712139900        0.2863793984
       12.3783934600        0.5835753141
        4.7541223650        0.2463134378
    0    Moment
    4    num
       10.2268273600       -0.0888885878
        3.0620340410       -0.2026189326
        1.2145282880        0.5450886531
        0.5399429326        0.6517016167
    1    Moment
    4    num
       10.2268273600       -0.0258036399
        3.0620340410        0.1591409820
        1.2145282880        0.6284124830
        0.5399429326        0.3009838577
    0    Moment
    4    num
        1.2685735320       -0.0589355981
        0.4694660361       -0.4289230261
        0.2018369172        0.5472998468
        0.1002600132        0.7853692030
    1    Moment
    4    num
        1.2685735320       -0.0718052266
        0.4694660361        0.0372686343
        0.2018369172        0.6965842249
        0.1002600132        0.3310236850
    2    Moment
    4    num
        3.1198322370        0.0692077243
        0.9341149681        0.3728157695
        0.3705083086        0.5664092659
        0.1647169066        0.1585946537
V   ------------------------------------
   23    iatm
    8    NShl
    0    Moment
    4    num
     2648.0749810000        0.0567524208
      484.5650961000        0.2601413550
      134.6174897000        0.5328461143
       44.6783346600        0.2916254405
    0    Moment
    4    num
      195.8072311000       -0.0622071456
       42.3880641300        0.0000297680
       13.7819649200        0.5588549221
        5.2931867030        0.4977673218
    1    Moment
    4    num
      195.8072311000        0.0436843488
       42.3880641300        0.2863793984
       13.7819649200        0.5835753141
        5.2931867030        0.2463134378
    0    Moment
    4    num
       11.6400854300       -0.0888885878
        3.4851803590       -0.2026189326
        1.3823654730        0.5450886531
        0.6145583224        0.6517016167
    1    Moment
    4    num
       11.6400854300       -0.0258036399
        3.4851803590        0.1591409820
        1.3823654730        0.6284124830
        0.6145583224        0.3009838577
    0    Moment
    4    num
        1.2685735320       -0.0589355981
        0.4694660361       -0.4289230261
        0.2018369172        0.5472998468
        0.1002600132        0.7853692030
    1    Moment
    4    num
        1.2685735320       -0.0718052266
        0.4694660361        0.0372686343
        0.2018369172        0.6965842249
        0.1002600132        0.3310236850
    2    Moment
    4    num
        5.6195870130        0.0692077243
        1.6825713520        0.3728157695
        0.6673768080        0.5664092659
        0.2966957577        0.1585946537
Cr  ------------------------------------
   24    iatm
    8    NShl
    0    Moment
    4    num
     2885.9083150000        0.0567524208
      528.0856659000        0.2601413550
      146.7079806000        0.5328461143
       48.6910598900        0.2916254405
    0    Moment
    4    num
      216.8191395000       -0.0622071456
       46.9366914600        0.0000297680
       15.2608959200        0.5588549221
        5.8611940940        0.4977673218
    1    Moment
    4    num
      216.8191395000        0.0436843488
       46.9366914600        0.2863793984
       15.2608959200        0.5835753141
        5.8611940940        0.2463134378
    0    Moment
    4    num
       13.0774552300       -0.0888885878
        3.9155460140       -0.2026189326
        1.5530661430        0.5450886531
        0.6904467322        0.6517016167
    1    Moment
    4    num
       13.0774552300       -0.0258036399
        3.9155460140        0.1591409820
        1.5530661430        0.6284124830
        0.6904467322        0.3009838577
    0    Moment
    4    num
        1.3442928860       -0.0589355981
        0.4974877978       -0.4289230261
        0.2138842765        0.5472998468
        0.1062443912        0.7853692030
    1    Moment
    4    num
        1.3442928860       -0.0718052266
        0.4974877978        0.0372686343
        0.2138842765        0.6965842249
        0.1062443912        0.3310236850
    2    Moment
    4    num
        8.0394014900        0.0692077243
        2.4070926570        0.3728157695
        0.9547516734        0.5664092659
        0.4244540233        0.1585946537
Mn  ------------------------------------
   25    iatm
    8    NShl
    0    Moment
    4    num
     3131.4109320000        0.0567524208
      573.0096202000        0.2601413550
      159.1883470000        0.5328461143
       52.8331813000        0.2916254405
    0    Moment
    4    num
      238.4307443000       -0.0622071456
       51.6151401600        0.0000297680
       16.7820367700        0.5588549221
        6.4454128590        0.4977673218
    1    Moment
    4    num
      238.4307443000        0.0436843488
       51.6151401600        0.2863793984
       16.7820367700        0.5835753141
        6.4454128590        0.2463134378
    0    Moment
    4    num
       14.5984814700       -0.0888885878
        4.3709594050       -0.2026189326
        1.7337017730        0.5450886531
        0.7707519276        0.6517016167
    1    Moment
    4    num
       14.5984814700       -0.0258036399
        4.3709594050        0.1591409820
        1.7337017730        0.6284124830
        0.7707519276        0.3009838577
    0    Moment
    4    num
        1.1950489410       -0.0589355981
        0.4422564994       -0.4289230261
        0.1901387568        0.5472998468
        0.0944490955        0.7853692030
    1    Moment
    4    num
        1.1950489410       -0.0718052266
        0.4422564994        0.0372686343
        0.1901387568        0.6965842249
        0.0944490955        0.3310236850
    2    Moment
    4    num
       10.2863720800        0.0692077243
        3.0798624400        0.3728157695
        1.2215997630        0.5664092659
        0.5430866984        0.1585946537
Fe  ------------------------------------
   26    iatm
    8    NShl
    0    Moment
    4    num
     3389.5930890000        0.0567524208
      620.2537741000        0.2601413550
      172.3132903000        0.5328461143
       57.1892319900        0.2916254405
    0    Moment
    4    num
      261.5616881000       -0.0622071456
       56.6224931800        0.0000297680
       18.4101168700        0.5588549221
        7.0707033730        0.4977673218
    1    Moment
    4    num
      261.5616881000        0.0436843488
       56.6224931800        0.2863793984
       18.4101168700        0.5835753141
        7.0707033730        0.2463134378
    0    Moment
    4    num
       16.2031641600       -0.0888885878
        4.8514205340       -0.2026189326
        1.9242723620        0.5450886531
        0.8554739089        0.6517016167
    1    Moment
    4    num
       16.2031641600       -0.0258036399
        4.8514205340        0.1591409820
        1.9242723620        0.6284124830
        0.8554739089        0.3009838577
    0    Moment
    4    num
        1.0545840520       -0.0589355981
        0.3902741010       -0.4289230261
        0.1677900324        0.5472998468
        0.0833476408        0.7853692030
    1    Moment
    4    num
        1.0545840520       -0.0718052266
        0.3902741010        0.0372686343
        0.1677900324        0.6965842249
        0.0833476408        0.3310236850
    2    Moment
    4    num
       12.1530861000        0.0692077243
        3.6387788750        0.3728157695
        1.4432889450        0.5664092659
        0.6416430747        0.1585946537
Co  ------------------------------------
   27    iatm
    8    NShl
    0    Moment
    4    num
     3655.2389860000        0.0567524208
      668.8637004000        0.2601413550
      185.8176601000        0.5328461143
       61.6712109300        0.2916254405
    0    Moment
    4    num
      285.7633023000       -0.0622071456
       61.8616233800        0.0000297680
       20.1135565100        0.5588549221
        7.7249369380        0.4977673218
    1    Moment
    4    num
      285.7633023000        0.0436843488
       61.8616233800        0.2863793984
       20.1135565100        0.5835753141
        7.7249369380        0.2463134378
    0    Moment
    4    num
       17.8915032900       -0.0888885878
        5.3569293980       -0.2026189326
        2.1247779110        0.5450886531
        0.9446126759        0.6517016167
    1    Moment
    4    num
       17.8915032900       -0.0258036399
        5.3569293980        0.1591409820
        2.1247779110        0.6284124830
        0.9446126759        0.3009838577
    0    Moment
    4    num
        1.0545840520       -0.0589355981
        0.3902741010       -0.4289230261
        0.1677900324        0.5472998468
        0.0833476408        0.7853692030
    1    Moment
    4    num
        1.0545840520       -0.0718052266
        0.3902741010        0.0372686343
        0.1677900324        0.6965842249
        0.0833476408        0.3310236850
    2    Moment
    4    num
       14.5275290600        0.0692077243
        4.3497154060        0.3728157695
        1.7252755310        0.5664092659
        0.7670058728        0.1585946537
Ni  ------------------------------------
   28    iatm
    8    NShl
    0    Moment
    4    num
     3933.7699680000        0.0567524208
      719.8314384000        0.2601413550
      199.9770558000        0.5328461143
       66.3705870800        0.2916254405
    0    Moment
    4    num
      310.4981607000       -0.0622071456
       67.2161894800        0.0000297680
       21.8545287300        0.5588549221
        8.3935854990        0.4977673218
    1    Moment
    4    num
      310.4981607000        0.0436843488
       67.2161894800        0.2863793984
       21.8545287300        0.5835753141
        8.3935854990        0.2463134378
    0    Moment
    4    num
       19.5811387500       -0.0888885878
        5.8628263990       -0.2026189326
        2.3254374110        0.5450886531
        1.0338198850        0.6517016167
    1    Moment
    4    num
       19.5811387500       -0.0258036399
        5.8628263990        0.1591409820
        2.3254374110        0.6284124830
        1.0338198850        0.3009838577
    0    Moment
    4    num
        1.1237191140       -0.0589355981
        0.4158591877       -0.4289230261
        0.1787897952        0.5472998468
        0.0888116380        0.7853692030
    1    Moment
    4    num
        1.1237191140       -0.0718052266
        0.4158591877        0.0372686343
        0.1787897952        0.6965842249
        0.0888116380        0.3310236850
    2    Moment
    4    num
       16.3531926600        0.0692077243
        4.8963408540        0.3728157695
        1.9420896040        0.5664092659
        0.8633949213        0.1585946537
Cu  ------------------------------------
   29    iatm
    8    NShl
    0    Moment
    4    num
     4219.5591450000        0.0567524208
      772.1273368000        0.2601413550
      214.5054290000        0.5328461143
       71.1924235400        0.2916254405
    0    Moment
    4    num
      336.8188103000       -0.0622071456
       72.9140453700        0.0000297680
       23.7071174600        0.5588549221
        9.1051021880        0.4977673218
    1    Moment
    4    num
      336.8188103000        0.0436843488
       72.9140453700        0.2863793984
       23.7071174600        0.5835753141
        9.1051021880        0.2463134378
    0    Moment
    4    num
       21.4329882000       -0.0888885878
        6.4172922040       -0.2026189326
        2.5453612900        0.5450886531
        1.1315914600        0.6517016167
    1    Moment
    4    num
       21.4329882000       -0.0258036399
        6.4172922040        0.1591409820
        2.5453612900        0.6284124830
        1.1315914600        0.3009838577
    0    Moment
    4    num
        1.1237191140       -0.0589355981
        0.4158591877       -0.4289230261
        0.1787897952        0.5472998468
        0.0888116380        0.7853692030
    1    Moment
    4    num
        1.1237191140       -0.0718052266
        0.4158591877        0.0372686343
        0.1787897952        0.6965842249
        0.0888116380        0.3310236850
    2    Moment
    4    num
       18.2868836900        0.0692077243
        5.4753110040        0.3728157695
        2.1717329110        0.5664092659
        0.9654874639        0.1585946537
Zn  ------------------------------------
   30    iatm
    8    NShl
    0    Moment
    4    num
     4518.4389500000        0.0567524208
      826.8186588000        0.2601413550
      229.6992771000        0.5328461143
       76.2351251500        0.2916254405
    0    Moment
    4    num
      364.2101305000       -0.0622071456
       78.8436784500        0.0000297680
       25.6350657400        0.5588549221
        9.8455619280        0.4977673218
    1    Moment
    4    num
      364.2101305000        0.0436843488
       78.8436784500        0.2863793984
       25.6350657400        0.5835753141
        9.8455619280        0.2463134378
    0    Moment
    4    num
       23.2787016900       -0.0888885878
        6.9699208290       -0.2026189326
        2.7645564690        0.5450886531
        1.2290390770        0.6517016167
    1    Moment
    4    num
       23.2787016900       -0.0258036399
        6.9699208290        0.1591409820
        2.7645564690        0.6284124830
        1.2290390770        0.3009838577
    0    Moment
    4    num
        1.5846195330       -0.0589355981
        0.5864264327       -0.4289230261
        0.2521215471        0.5472998468
        0.1252382864        0.7853692030
    1    Moment
    4    num
        1.5846195330       -0.0718052266
        0.5864264327        0.0372686343
        0.2521215471        0.6965842249
        0.1252382864        0.3310236850
    2    Moment
    4    num
       20.7499091400        0.0692077243
        6.2127701900        0.3728157695
        2.4642394710        0.5664092659
        1.0955271270        0.1585946537
Ga  ------------------------------------
   31    iatm
    8    NShl
    0    Moment
    4    num
     4827.5448140000        0.0567524208
      883.3812236000        0.2601413550
      245.4129770000        0.5328461143
       81.4503608700        0.2916254405
    0    Moment
    4    num
      392.0682425000       -0.0622071456
       84.8743619500        0.0000297680
       27.5958693300        0.5588549221
       10.5986402900        0.4977673218
    1    Moment
    4    num
      392.0682425000        0.0436843488
       84.8743619500        0.2863793984
       27.5958693300        0.5835753141
       10.5986402900        0.2463134378
    0    Moment
    4    num
       23.9108782200       -0.0888885878
        7.1592020200       -0.2026189326
        2.8396331520        0.5450886531
        1.2624159240        0.6517016167
    1    Moment
    4    num
       23.9108782200       -0.0258036399
        7.1592020200        0.1591409820
        2.8396331520        0.6284124830
        1.2624159240        0.3009838577
    0    Moment
    4    num
        1.4222070040       -0.0589355981
        0.5263217844       -0.4289230261
        0.2262808345        0.5472998468
        0.1124022294        0.7853692030
    1    Moment
    4    num
        1.4222070040       -0.0718052266
        0.5263217844        0.0372686343
        0.2262808345        0.6965842249
        0.1124022294        0.3310236850
    2    Moment
    4    num
       23.9108782200        0.0692077243
        7.1592020200        0.3728157695
        2.8396331520        0.5664092659
        1.2624159240        0.1585946537
Ge  ------------------------------------
   32    iatm
    8    NShl
    0    Moment
    4    num
     5143.6000370000        0.0567524208
      941.2154354000        0.2601413550
      261.4799543000        0.5328461143
       86.7828462100        0.2916254405
    0    Moment
    4    num
      421.5785979000       -0.0622071456
       91.2627207100        0.0000297680
       29.6729667000        0.5588549221
       11.3963831500        0.4977673218
    1    Moment
    4    num
      421.5785979000        0.0436843488
       91.2627207100        0.2863793984
       29.6729667000        0.5835753141
       11.3963831500        0.2463134378
    0    Moment
    4    num
       26.9086826700       -0.0888885878
        8.0567804140       -0.2026189326
        3.1956495570        0.5450886531
        1.4206901640        0.6517016167
    1    Moment
    4    num
       26.9086826700       -0.0258036399
        8.0567804140        0.1591409820
        3.1956495570        0.6284124830
        1.4206901640        0.3009838577
    0    Moment
    4    num
        1.7558111160       -0.0589355981
        0.6497799808       -0.4289230261
        0.2793590550        0.5472998468
        0.1387681844        0.7853692030
    1    Moment
    4    num
        1.7558111160       -0.0718052266
        0.6497799808        0.0372686343
        0.2793590550        0.6965842249
        0.1387681844        0.3310236850
    2    Moment
    4    num
       26.9086826700        0.0692077243
        8.0567804140        0.3728157695
        3.1956495570        0.5664092659
        1.4206901640        0.1585946537
As  ------------------------------------
   33    iatm
    8    NShl
    0    Moment
    4    num
     5473.0547240000        0.0567524208
     1001.5015840000        0.2601413550
      278.2281066000        0.5328461143
       92.3414073900        0.2916254405
    0    Moment
    4    num
      451.5115987000       -0.0622071456
       97.7425731200        0.0000297680
       31.7798121100        0.5588549221
       12.2055512300        0.4977673218
    1    Moment
    4    num
      451.5115987000        0.0436843488
       97.7425731200        0.2863793984
       31.7798121100        0.5835753141
       12.2055512300        0.2463134378
    0    Moment
    4    num
       30.0834792700       -0.0888885878
        9.0073523660       -0.2026189326
        3.5726853800        0.5450886531
        1.5883090080        0.6517016167
    1    Moment
    4    num
       30.0834792700       -0.0258036399
        9.0073523660        0.1591409820
        3.5726853800        0.6284124830
        1.5883090080        0.3009838577
    0    Moment
    4    num
        1.9728293700       -0.0589355981
        0.7300927864       -0.4289230261
        0.3138878342        0.5472998468
        0.1559199320        0.7853692030
    1    Moment
    4    num
        1.9728293700       -0.0718052266
        0.7300927864        0.0372686343
        0.3138878342        0.6965842249
        0.1559199320        0.3310236850
    2    Moment
    4    num
       30.0834792700        0.0692077243
        9.0073523660        0.3728157695
        3.5726853800        0.5664092659
        1.5883090080        0.1585946537
Se  ------------------------------------
   34    iatm
    8    NShl
    0    Moment
    4    num
     5809.2532270000        0.0567524208
     1063.0217680000        0.2601413550
      295.3190873000        0.5328461143
       98.0137502500        0.2916254405
    0    Moment
    4    num
      481.8017220000       -0.0622071456
      104.2997349000        0.0000297680
       33.9117937300        0.5588549221
       13.0243732800        0.4977673218
    1    Moment
    4    num
      481.8017220000        0.0436843488
      104.2997349000        0.2863793984
       33.9117937300        0.5835753141
       13.0243732800        0.2463134378
    0    Moment
    4    num
       33.4352680100       -0.0888885878
       10.0109178800       -0.2026189326
        3.9707406220        0.5450886531
        1.7652724570        0.6517016167
    1    Moment
    4    num
       33.4352680100       -0.0258036399
       10.0109178800        0.1591409820
        3.9707406220        0.6284124830
        1.7652724570        0.3009838577
    0    Moment
    4    num
        2.1633348770       -0.0589355981
        0.8005939143       -0.4289230261
        0.3441982916        0.5472998468
        0.1709762800        0.7853692030
    1    Moment
    4    num
        2.1633348770       -0.0718052266
        0.8005939143        0.0372686343
        0.3441982916        0.6965842249
        0.1709762800        0.3310236850
    2    Moment
    4    num
       33.4352680100        0.0692077243
       10.0109178800        0.3728157695
        3.9707406220        0.5664092659
        1.7652724570        0.1585946537
Br  ------------------------------------
   35    iatm
    8    NShl
    0    Moment
    4    num
     6159.0567390000        0.0567524208
     1127.0315010000        0.2601413550
      313.1016920000        0.5328461143
      103.9156369000        0.2916254405
    0    Moment
    4    num
      513.7659298000       -0.0622071456
      111.2193000000        0.0000297680
       36.1616063900        0.5588549221
       13.8884502500        0.4977673218
    1    Moment
    4    num
      513.7659298000        0.0436843488
      111.2193000000        0.2863793984
       36.1616063900        0.5835753141
       13.8884502500        0.2463134378
    0    Moment
    4    num
       36.9640488900       -0.0888885878
       11.0674769400       -0.2026189326
        4.3898152830        0.5450886531
        1.9515805110        0.6517016167
    1    Moment
    4    num
       36.9640488900       -0.0258036399
       11.0674769400        0.1591409820
        4.3898152830        0.6284124830
        1.9515805110        0.3009838577
    0    Moment
    4    num
        2.4864041220       -0.0589355981
        0.9201534308       -0.4289230261
        0.3956003577        0.5472998468
        0.1965096259        0.7853692030
    1    Moment
    4    num
        2.4864041220       -0.0718052266
        0.9201534308        0.0372686343
        0.3956003577        0.6965842249
        0.1965096259        0.3310236850
    2    Moment
    4    num
       36.9640488900        0.0692077243
       11.0674769400        0.3728157695
        4.3898152830        0.5664092659
        1.9515805110        0.1585946537
Kr  ------------------------------------
   36    iatm
    8    NShl
    0    Moment
    4    num
     6515.3985210000        0.0567524208
     1192.2376570000        0.2601413550
      331.2166762000        0.5328461143
      109.9278373000        0.2916254405
    0    Moment
    4    num
      546.7566614000       -0.0622071456
      118.3610855000        0.0000297680
       38.4836713300        0.5588549221
       14.7802768800        0.4977673218
    1    Moment
    4    num
      546.7566614000        0.0436843488
      118.3610855000        0.2863793984
       38.4836713300        0.5835753141
       14.7802768800        0.2463134378
    0    Moment
    4    num
       40.6698219200       -0.0888885878
       12.1770295700       -0.2026189326
        4.8299093630        0.5450886531
        2.1472331690        0.6517016167
    1    Moment
    4    num
       40.6698219200       -0.0258036399
       12.1770295700        0.1591409820
        4.8299093630        0.6284124830
        2.1472331690        0.3009838577
    0    Moment
    4    num
        2.8319477500       -0.0589355981
        1.0480301310       -0.4289230261
        0.4505782197        0.5472998468
        0.2238192046        0.7853692030
    1    Moment
    4    num
        2.8319477500       -0.0718052266
        1.0480301310        0.0372686343
        0.4505782197        0.6965842249
        0.2238192046        0.3310236850
    2    Moment
    4    num
       40.6698219200        0.0692077243
       12.1770295700        0.3728157695
        4.8299093630        0.5664092659
        2.1472331690        0.1585946537
Rb  ------------------------------------
   37    iatm
   10    NShl
    0    Moment
    4    num
     6881.7608190000        0.0567524208
     1259.2774440000        0.2601413550
      349.8410630000        0.5328461143
      116.1091038000        0.2916254405
    0    Moment
    4    num
      580.7739169000       -0.0622071456
      125.7250914000        0.0000297680
       40.8779885400        0.5588549221
       15.6998531500        0.4977673218
    1    Moment
    4    num
      580.7739169000        0.0436843488
      125.7250914000        0.2863793984
       40.8779885400        0.5835753141
       15.6998531500        0.2463134378
    0    Moment
    4    num
       44.5525870900       -0.0888885878
       13.3395757600       -0.2026189326
        5.2910228610        0.5450886531
        2.3522304320        0.6517016167
    1    Moment
    4    num
       44.5525870900       -0.0258036399
       13.3395757600        0.1591409820
        5.2910228610        0.6284124830
        2.3522304320        0.3009838577
    0    Moment
    4    num
        4.0034249270       -0.0589355981
        1.4815633340       -0.4289230261
        0.6369665812        0.5472998468
        0.3164053373        0.7853692030
    1    Moment
    4    num
        4.0034249270       -0.0718052266
        1.4815633340        0.0372686343
        0.6369665812        0.6965842249
        0.3164053373        0.3310236850
    0    Moment
    4    num
        0.9305523241        0.0404511120
        0.4294598624       -0.6576691017
        0.1902750346        0.3792524265
        0.1036198526        1.0385897340
    1    Moment
    4    num
        0.9305523241       -0.0858614965
        0.4294598624       -0.1090154130
        0.1902750346        0.7234042096
        0.1036198526        0.4117428940
    2    Moment
    4    num
       44.5525870900        0.0692077243
       13.3395757600        0.3728157695
        5.2910228610        0.5664092659
        2.3522304320        0.1585946537
Sr  ------------------------------------
   38    iatm
   10    NShl
    0    Moment
    4    num
     7262.0359190000        0.0567524208
     1328.8631020000        0.2601413550
      369.1727208000        0.5328461143
      122.5251073000        0.2916254405
    0    Moment
    4    num
      615.8176964000       -0.0622071456
      133.3113178000        0.0000297680
       43.3445580200        0.5588549221
       16.6471790900        0.4977673218
    1    Moment
    4    num
      615.8176964000        0.0436843488
      133.3113178000        0.2863793984
       43.3445580200        0.5835753141
       16.6471790900        0.2463134378
    0    Moment
    4    num
       48.4827979100       -0.0888885878
       14.5163277400       -0.2026189326
        5.7577709590        0.5450886531
        2.5597326690        0.6517016167
    1    Moment
    4    num
       48.4827979100       -0.0258036399
       14.5163277400        0.1591409820
        5.7577709590        0.6284124830
        2.5597326690        0.3009838577
    0    Moment
    4    num
        4.3832068710       -0.0589355981
        1.6221107440       -0.4289230261
        0.6973919448        0.5472998468
        0.3464208955        0.7853692030
    1    Moment
    4    num
        4.3832068710       -0.0718052266
        1.6221107440        0.0372686343
        0.6973919448        0.6965842249
        0.3464208955        0.3310236850
    0    Moment
    4    num
        0.8351771552        0.0404511120
        0.3854432006       -0.6576691017
        0.1707731612        0.3792524265
        0.0929995353        1.0385897340
    1    Moment
    4    num
        0.8351771552       -0.0858614965
        0.3854432006       -0.1090154130
        0.1707731612        0.7234042096
        0.0929995353        0.4117428940
    2    Moment
    4    num
       48.4827979100        0.0692077243
       14.5163277400        0.3728157695
        5.7577709590        0.5664092659
        2.5597326690        0.1585946537
Y   ------------------------------------
   39    iatm
   11    NShl
    0    Moment
    4    num
     7648.5414970000        0.0567524208
     1399.5888610000        0.2601413550
      388.8211111000        0.5328461143
      129.0462314000        0.2916254405
    0    Moment
    4    num
      649.5549698000       -0.0622071456
      140.6147136000        0.0000297680
       45.7191685700        0.5588549221
       17.5591867100        0.4977673218
    1    Moment
    4    num
      649.5549698000        0.0436843488
      140.6147136000        0.2863793984
       45.7191685700        0.5835753141
       17.5591867100        0.2463134378
    0    Moment
    4    num
       54.8959976500       -0.0888885878
       16.4365162000       -0.2026189326
        6.5193964600        0.5450886531
        2.8983285750        0.6517016167
    1    Moment
    4    num
       54.8959976500       -0.0258036399
       16.4365162000        0.1591409820
        6.5193964600        0.6284124830
        2.8983285750        0.3009838577
    0    Moment
    4    num
        4.8754488330       -0.0584687890
        1.7404358320       -0.4398036149
        0.7753819175        0.5319219322
        0.3800861226        0.8107467608
    1    Moment
    4    num
        4.8754488330       -0.0674663404
        1.7404358320        0.0207792791
        0.7753819175        0.6884538915
        0.3800861226        0.3514817260
    0    Moment
    4    num
        0.8351771552        0.0404511120
        0.3854432006       -0.6576691017
        0.1707731612        0.3792524265
        0.0929995353        1.0385897340
    1    Moment
    4    num
        0.8351771552       -0.0858614965
        0.3854432006       -0.1090154130
        0.1707731612        0.7234042096
        0.0929995353        0.4117428940
    2    Moment
    4    num
       54.8959976500        0.0692077243
       16.4365162000        0.3728157695
        6.5193964600        0.5664092659
        2.8983285750        0.1585946537
    2    Moment
    4    num
        0.8828336501        0.0038699422
        0.3151536138        0.2976123998
        0.1404041498        0.6203734570
        0.0688250109        0.1735534933
Zr  ------------------------------------
   40    iatm
   11    NShl
    0    Moment
    4    num
     8045.0675900000        0.0567524208
     1472.1482500000        0.2601413550
      408.9789041000        0.5328461143
      135.7364217000        0.2916254405
    0    Moment
    4    num
      686.5862743000       -0.0622071456
      148.6311964000        0.0000297680
       48.3256307400        0.5588549221
       18.5602406900        0.4977673218
    1    Moment
    4    num
      686.5862743000        0.0436843488
      148.6311964000        0.2863793984
       48.3256307400        0.5835753141
       18.5602406900        0.2463134378
    0    Moment
    4    num
       58.2519346400       -0.0888885878
       17.4413237500       -0.2026189326
        6.9179443450        0.5450886531
        3.0755110380        0.6517016167
    1    Moment
    4    num
       58.2519346400       -0.0258036399
       17.4413237500        0.1591409820
        6.9179443450        0.6284124830
        3.0755110380        0.3009838577
    0    Moment
    4    num
        5.4548309370       -0.0584687890
        1.9472634310       -0.4398036149
        0.8675257226        0.5319219322
        0.4252542917        0.8107467608
    1    Moment
    4    num
        5.4548309370       -0.0674663404
        1.9472634310        0.0207792791
        0.8675257226        0.6884538915
        0.4252542917        0.3514817260
    0    Moment
    4    num
        0.9305523241        0.0404511120
        0.4294598624       -0.6576691017
        0.1902750346        0.3792524265
        0.1036198526        1.0385897340
    1    Moment
    4    num
        0.9305523241       -0.0858614965
        0.4294598624       -0.1090154130
        0.1902750346        0.7234042096
        0.1036198526        0.4117428940
    2    Moment
    4    num
       58.2519346400        0.0692077243
       17.4413237500        0.3728157695
        6.9179443450        0.5664092659
        3.0755110380        0.1585946537
    2    Moment
    4    num
        1.7127423240        0.0038699422
        0.6114140900        0.2976123998
        0.2723912142        0.6203734570
        0.1335240326        0.1735534933
Nb  ------------------------------------
   41    iatm
   11    NShl
    0    Moment
    4    num
     8455.8142790000        0.0567524208
     1547.3098340000        0.2601413550
      429.8596150000        0.5328461143
      142.6665419000        0.2916254405
    0    Moment
    4    num
      724.6441027000       -0.0622071456
      156.8698997000        0.0000297680
       51.0043451700        0.5588549221
       19.5890443300        0.4977673218
    1    Moment
    4    num
      724.6441027000        0.0436843488
      156.8698997000        0.2863793984
       51.0043451700        0.5835753141
       19.5890443300        0.2463134378
    0    Moment
    4    num
       62.5868594300       -0.0888885878
       18.7392519100       -0.2026189326
        7.4327558890        0.5450886531
        3.3043808450        0.6517016167
    1    Moment
    4    num
       62.5868594300       -0.0258036399
       18.7392519100        0.1591409820
        7.4327558890        0.6284124830
        3.3043808450        0.3009838577
    0    Moment
    4    num
        6.0667337500       -0.0584687890
        2.1657002600       -0.4398036149
        0.9648415581        0.5319219322
        0.4729577495        0.8107467608
    1    Moment
    4    num
        6.0667337500       -0.0674663404
        2.1657002600        0.0207792791
        0.9648415581        0.6884538915
        0.4729577495        0.3514817260
    0    Moment
    4    num
        0.9305523241        0.0404511120
        0.4294598624       -0.6576691017
        0.1902750346        0.3792524265
        0.1036198526        1.0385897340
    1    Moment
    4    num
        0.9305523241       -0.0858614965
        0.4294598624       -0.1090154130
        0.1902750346        0.7234042096
        0.1036198526        0.4117428940
    2    Moment
    4    num
       62.5868594300        0.0692077243
       18.7392519100        0.3728157695
        7.4327558890        0.5664092659
        3.3043808450        0.1585946537
    2    Moment
    4    num
        2.5944499110        0.0038699422
        0.9261657222        0.2976123998
        0.4126162771        0.6203734570
        0.2022612565        0.1735534933
Mo  ------------------------------------
   42    iatm
   11    NShl
    0    Moment
    4    num
     8872.4836520000        0.0567524208
     1623.5551960000        0.2601413550
      451.0414114000        0.5328461143
      149.6965897000        0.2916254405
    0    Moment
    4    num
      762.8861850000       -0.0622071456
      165.1484899000        0.0000297680
       53.6960283800        0.5588549221
       20.6228288300        0.4977673218
    1    Moment
    4    num
      762.8861850000        0.0436843488
      165.1484899000        0.2863793984
       53.6960283800        0.5835753141
       20.6228288300        0.2463134378
    0    Moment
    4    num
       67.2297056200       -0.0888885878
       20.1293754100       -0.2026189326
        7.9841358850        0.5450886531
        3.5495078920        0.6517016167
    1    Moment
    4    num
       67.2297056200       -0.0258036399
       20.1293754100        0.1591409820
        7.9841358850        0.6284124830
        3.5495078920        0.3009838577
    0    Moment
    4    num
        6.7459751500       -0.0584687890
        2.4081755910       -0.4398036149
        1.0728667920        0.5319219322
        0.5259108701        0.8107467608
    1    Moment
    4    num
        6.7459751500       -0.0674663404
        2.4081755910        0.0207792791
        1.0728667920        0.6884538915
        0.5259108701        0.3514817260
    0    Moment
    4    num
        0.9801731890        0.0404511120
        0.4523604229       -0.6576691017
        0.2004212795        0.3792524265
        0.1091452879        1.0385897340
    1    Moment
    4    num
        0.9801731890       -0.0858614965
        0.4523604229       -0.1090154130
        0.2004212795        0.7234042096
        0.1091452879        0.4117428940
    2    Moment
    4    num
       67.2297056200        0.0692077243
       20.1293754100        0.3728157695
        7.9841358850        0.5664092659
        3.5495078920        0.1585946537
    2    Moment
    4    num
        3.2836006680        0.0038699422
        1.1721784920        0.2976123998
        0.5222174757        0.6203734570
        0.2559869027        0.1735534933
Tc  ------------------------------------
   43    iatm
   11    NShl
    0    Moment
    4    num
     9299.1735400000        0.0567524208
     1701.6341880000        0.2601413550
      472.7326105000        0.5328461143
      156.8957037000        0.2916254405
    0    Moment
    4    num
      802.9752204000       -0.0622071456
      173.8269059000        0.0000297680
       56.5177100700        0.5588549221
       21.7065413600        0.4977673218
    1    Moment
    4    num
      802.9752204000        0.0436843488
      173.8269059000        0.2863793984
       56.5177100700        0.5835753141
       21.7065413600        0.2463134378
    0    Moment
    4    num
       72.1965476700       -0.0888885878
       21.6165071400       -0.2026189326
        8.5739933230        0.5450886531
        3.8117408570        0.6517016167
    1    Moment
    4    num
       72.1965476700       -0.0258036399
       21.6165071400        0.1591409820
        8.5739933230        0.6284124830
        3.8117408570        0.3009838577
    0    Moment
    4    num
        7.3881015030       -0.0584687890
        2.6374016070       -0.4398036149
        1.1749893200        0.5319219322
        0.5759705311        0.8107467608
    1    Moment
    4    num
        7.3881015030       -0.0674663404
        2.6374016070        0.0207792791
        1.1749893200        0.6884538915
        0.5759705311        0.3514817260
    0    Moment
    4    num
        0.8822203128        0.0404511120
        0.4071541216       -0.6576691017
        0.1803923285        0.3792524265
        0.0982379350        1.0385897340
    1    Moment
    4    num
        0.8822203128       -0.0858614965
        0.4071541216       -0.1090154130
        0.1803923285        0.7234042096
        0.0982379350        0.4117428940
    2    Moment
    4    num
       72.1965476700        0.0692077243
       21.6165071400        0.3728157695
        8.5739933230        0.5664092659
        3.8117408570        0.1585946537
    2    Moment
    4    num
        4.0538279850        0.0038699422
        1.4471339410        0.2976123998
        0.6447129330        0.6203734570
        0.3160332132        0.1735534933
Ru  ------------------------------------
   44    iatm
   11    NShl
    0    Moment
    4    num
     9740.3918180000        0.0567524208
     1782.3716970000        0.2601413550
      495.1623745000        0.5328461143
      164.3399407000        0.2916254405
    0    Moment
    4    num
      843.2052924000       -0.0622071456
      182.5358533000        0.0000297680
       59.3493186800        0.5588549221
       22.7940664800        0.4977673218
    1    Moment
    4    num
      843.2052924000        0.0436843488
      182.5358533000        0.2863793984
       59.3493186800        0.5835753141
       22.7940664800        0.2463134378
    0    Moment
    4    num
       77.1769579800       -0.0888885878
       23.1077013700       -0.2026189326
        9.1654621130        0.5450886531
        4.0746901820        0.6517016167
    1    Moment
    4    num
       77.1769579800       -0.0258036399
       23.1077013700        0.1591409820
        9.1654621130        0.6284124830
        4.0746901820        0.3009838577
    0    Moment
    4    num
        8.0975664430       -0.0584687890
        2.8906661260       -0.4398036149
        1.2878212470        0.5319219322
        0.6312798549        0.8107467608
    1    Moment
    4    num
        8.0975664430       -0.0674663404
        2.8906661260        0.0207792791
        1.2878212470        0.6884538915
        0.6312798549        0.3514817260
    0    Moment
    4    num
        0.7894228511        0.0404511120
        0.3643270993       -0.6576691017
        0.1614175328        0.3792524265
        0.0879046533        1.0385897340
    1    Moment
    4    num
        0.7894228511       -0.0858614965
        0.3643270993       -0.1090154130
        0.1614175328        0.7234042096
        0.0879046533        0.4117428940
    2    Moment
    4    num
       77.1769579800        0.0692077243
       23.1077013700        0.3728157695
        9.1654621130        0.5664092659
        4.0746901820        0.1585946537
    2    Moment
    4    num
        4.6123553970        0.0038699422
        1.6465168390        0.2976123998
        0.7335400482        0.6203734570
        0.3595755671        0.1735534933
Rh  ------------------------------------
   45    iatm
   11    NShl
    0    Moment
    4    num
    10187.2249900000        0.0567524208
     1864.1366620000        0.2601413550
      517.8775770000        0.5328461143
      171.8789122000        0.2916254405
    0    Moment
    4    num
      884.4186712000       -0.0622071456
      191.4576655000        0.0000297680
       62.2501377100        0.5588549221
       23.9081729700        0.4977673218
    1    Moment
    4    num
      884.4186712000        0.0436843488
      191.4576655000        0.2863793984
       62.2501377100        0.5835753141
       23.9081729700        0.2463134378
    0    Moment
    4    num
       82.4922533200       -0.0888885878
       24.6991641700       -0.2026189326
        9.7967015320        0.5450886531
        4.3553203380        0.6517016167
    1    Moment
    4    num
       82.4922533200       -0.0258036399
       24.6991641700        0.1591409820
        9.7967015320        0.6284124830
        4.3553203380        0.3009838577
    0    Moment
    4    num
        8.7599168930       -0.0584687890
        3.1271117330       -0.4398036149
        1.3931601770        0.5319219322
        0.6829161705        0.8107467608
    1    Moment
    4    num
        8.7599168930       -0.0674663404
        3.1271117330        0.0207792791
        1.3931601770        0.6884538915
        0.6829161705        0.3514817260
    0    Moment
    4    num
        0.7894228511        0.0404511120
        0.3643270993       -0.6576691017
        0.1614175328        0.3792524265
        0.0879046533        1.0385897340
    1    Moment
    4    num
        0.7894228511       -0.0858614965
        0.3643270993       -0.1090154130
        0.1614175328        0.7234042096
        0.0879046533        0.4117428940
    2    Moment
    4    num
       82.4922533200        0.0692077243
       24.6991641700        0.3728157695
        9.7967015320        0.5664092659
        4.3553203380        0.1585946537
    2    Moment
    4    num
        5.3611875110        0.0038699422
        1.9138346370        0.2976123998
        0.8526328539        0.6203734570
        0.4179539245        0.1735534933
Pd  ------------------------------------
   46    iatm
   11    NShl
    0    Moment
    4    num
    10644.0786700000        0.0567524208
     1947.7352570000        0.2601413550
      541.1021822000        0.5328461143
      179.5869499000        0.2916254405
    0    Moment
    4    num
      926.6153567000       -0.0622071456
      200.5923425000        0.0000297680
       65.2201671400        0.5588549221
       25.0488608500        0.4977673218
    1    Moment
    4    num
      926.6153567000        0.0436843488
      200.5923425000        0.2863793984
       65.2201671400        0.5835753141
       25.0488608500        0.2463134378
    0    Moment
    4    num
       87.9845408100       -0.0888885878
       26.3436205200       -0.2026189326
       10.4489603700        0.5450886531
        4.6452950980        0.6517016167
    1    Moment
    4    num
       87.9845408100       -0.0258036399
       26.3436205200        0.1591409820
       10.4489603700        0.6284124830
        4.6452950980        0.3009838577
    0    Moment
    4    num
        9.4896059310       -0.0584687890
        3.3875958420       -0.4398036149
        1.5092085050        0.5319219322
        0.7398021489        0.8107467608
    1    Moment
    4    num
        9.4896059310       -0.0674663404
        3.3875958420        0.0207792791
        1.5092085050        0.6884538915
        0.7398021489        0.3514817260
    0    Moment
    4    num
        0.8351771552        0.0404511120
        0.3854432006       -0.6576691017
        0.1707731612        0.3792524265
        0.0929995353        1.0385897340
    1    Moment
    4    num
        0.8351771552       -0.0858614965
        0.3854432006       -0.1090154130
        0.1707731612        0.7234042096
        0.0929995353        0.4117428940
    2    Moment
    4    num
       87.9845408100        0.0692077243
       26.3436205200        0.3728157695
       10.4489603700        0.5664092659
        4.6452950980        0.1585946537
    2    Moment
    4    num
        5.8375122990        0.0038699422
        2.0838728750        0.2976123998
        0.9283866235        0.6203734570
        0.4550878271        0.1735534933
Ag  ------------------------------------
   47    iatm
   11    NShl
    0    Moment
    4    num
    11110.9528700000        0.0567524208
     2033.1674830000        0.2601413550
      564.8361901000        0.5328461143
      187.4640538000        0.2916254405
    0    Moment
    4    num
      969.7953490000       -0.0622071456
      209.9398843000        0.0000297680
       68.2594069900        0.5588549221
       26.2161301100        0.4977673218
    1    Moment
    4    num
      969.7953490000        0.0436843488
      209.9398843000        0.2863793984
       68.2594069900        0.5835753141
       26.2161301100        0.2463134378
    0    Moment
    4    num
       93.6538204400       -0.0888885878
       28.0410704400       -0.2026189326
       11.1222386300        0.5450886531
        4.9446144630        0.6517016167
    1    Moment
    4    num
       93.6538204400       -0.0258036399
       28.0410704400        0.1591409820
       11.1222386300        0.6284124830
        4.9446144630        0.3009838577
    0    Moment
    4    num
       10.2055570000       -0.0584687890
        3.6431757750       -0.4398036149
        1.6230719720        0.5319219322
        0.7956171258        0.8107467608
    1    Moment
    4    num
       10.2055570000       -0.0674663404
        3.6431757750        0.0207792791
        1.6230719720        0.6884538915
        0.7956171258        0.3514817260
    0    Moment
    4    num
        0.8351771552        0.0404511120
        0.3854432006       -0.6576691017
        0.1707731612        0.3792524265
        0.0929995353        1.0385897340
    1    Moment
    4    num
        0.8351771552       -0.0858614965
        0.3854432006       -0.1090154130
        0.1707731612        0.7234042096
        0.0929995353        0.4117428940
    2    Moment
    4    num
       93.6538204400        0.0692077243
       28.0410704400        0.3728157695
       11.1222386300        0.5664092659
        4.9446144630        0.1585946537
    2    Moment
    4    num
        6.3341062270        0.0038699422
        2.2611467830        0.2976123998
        1.0073639580        0.6203734570
        0.4938018957        0.1735534933
Cd  ------------------------------------
   48    iatm
   11    NShl
    0    Moment
    4    num
    11592.7655000000        0.0567524208
     2121.3332590000        0.2601413550
      589.3296080000        0.5328461143
      195.5931990000        0.2916254405
    0    Moment
    4    num
     1012.9881210000       -0.0622071456
      219.2901926000        0.0000297680
       71.2995463100        0.5588549221
       27.3837448200        0.4977673218
    1    Moment
    4    num
     1012.9881210000        0.0436843488
      219.2901926000        0.2863793984
       71.2995463100        0.5835753141
       27.3837448200        0.2463134378
    0    Moment
    4    num
       99.6856401300       -0.0888885878
       29.8470691700       -0.2026189326
       11.8385717900        0.5450886531
        5.2630747540        0.6517016167
    1    Moment
    4    num
       99.6856401300       -0.0258036399
       29.8470691700        0.1591409820
       11.8385717900        0.6284124830
        5.2630747540        0.3009838577
    0    Moment
    4    num
       10.9475426400       -0.0584687890
        3.9080495240       -0.4398036149
        1.7410759290        0.5319219322
        0.8534617382        0.8107467608
    1    Moment
    4    num
       10.9475426400       -0.0674663404
        3.9080495240        0.0207792791
        1.7410759290        0.6884538915
        0.8534617382        0.3514817260
    0    Moment
    4    num
        1.1367689060        0.0404511120
        0.5246310230       -0.6576691017
        0.2324412472        0.3792524265
        0.1265827008        1.0385897340
    1    Moment
    4    num
        1.1367689060       -0.0858614965
        0.5246310230       -0.1090154130
        0.2324412472        0.7234042096
        0.1265827008        0.4117428940
    2    Moment
    4    num
       99.6856401300        0.0692077243
       29.8470691700        0.3728157695
       11.8385717900        0.5664092659
        5.2630747540        0.1585946537
    2    Moment
    4    num
        7.0277612380        0.0038699422
        2.5087674790        0.2976123998
        1.1176815040        0.6203734570
        0.5478786899        0.1735534933
In  ------------------------------------
   49    iatm
   11    NShl
    0    Moment
    4    num
    12079.7829800000        0.0567524208
     2210.4514570000        0.2601413550
      614.0876193000        0.5328461143
      203.8101604000        0.2916254405
    0    Moment
    4    num
     1057.1219110000       -0.0622071456
      228.8442113000        0.0000297680
       74.4059196000        0.5588549221
       28.5767977600        0.4977673218
    1    Moment
    4    num
     1057.1219110000        0.0436843488
      228.8442113000        0.2863793984
       74.4059196000        0.5835753141
       28.5767977600        0.2463134378
    0    Moment
    4    num
      106.0971114000       -0.0888885878
       31.7667401200       -0.2026189326
       12.5999920300        0.5450886531
        5.6015794040        0.6517016167
    1    Moment
    4    num
      106.0971114000       -0.0258036399
       31.7667401200        0.1591409820
       12.5999920300        0.6284124830
        5.6015794040        0.3009838577
    0    Moment
    4    num
        9.7393217350       -0.0584687890
        3.4767392930       -0.4398036149
        1.5489228210        0.5319219322
        0.7592697948        0.8107467608
    1    Moment
    4    num
        9.7393217350       -0.0674663404
        3.4767392930        0.0207792791
        1.5489228210        0.6884538915
        0.7592697948        0.3514817260
    0    Moment
    4    num
        1.0832814800        0.0404511120
        0.4999460032       -0.6576691017
        0.2215043858        0.3792524265
        0.1206267120        1.0385897340
    1    Moment
    4    num
        1.0832814800       -0.0858614965
        0.4999460032       -0.1090154130
        0.2215043858        0.7234042096
        0.1206267120        0.4117428940
    2    Moment
    4    num
      106.0971114000        0.0692077243
       31.7667401200        0.3728157695
       12.5999920300        0.5664092659
        5.6015794040        0.1585946537
    2    Moment
    4    num
        9.7393217350        0.0038699422
        3.4767392930        0.2976123998
        1.5489228210        0.6203734570
        0.7592697948        0.1735534933
Sn  ------------------------------------
   50    iatm
   11    NShl
    0    Moment
    4    num
    12576.8209700000        0.0567524208
     2301.4032860000        0.2601413550
      639.3550333000        0.5328461143
      212.1961879000        0.2916254405
    0    Moment
    4    num
     1103.2090710000       -0.0622071456
      238.8210926000        0.0000297680
       77.6497815300        0.5588549221
       29.8226554500        0.4977673218
    1    Moment
    4    num
     1103.2090710000        0.0436843488
      238.8210926000        0.2863793984
       77.6497815300        0.5835753141
       29.8226554500        0.2463134378
    0    Moment
    4    num
      112.1170049000       -0.0888885878
       33.5691679900       -0.2026189326
       13.3149088500        0.5450886531
        5.9194100290        0.6517016167
    1    Moment
    4    num
      112.1170049000       -0.0258036399
       33.5691679900        0.1591409820
       13.3149088500        0.6284124830
        5.9194100290        0.3009838577
    0    Moment
    4    num
       10.7706155700       -0.0584687890
        3.8448901680       -0.4398036149
        1.7129377920        0.5319219322
        0.8396686442        0.8107467608
    1    Moment
    4    num
       10.7706155700       -0.0674663404
        3.8448901680        0.0207792791
        1.7129377920        0.6884538915
        0.8396686442        0.3514817260
    0    Moment
    4    num
        1.1915451850        0.0404511120
        0.5499108626       -0.6576691017
        0.2436416475        0.3792524265
        0.1326822073        1.0385897340
    1    Moment
    4    num
        1.1915451850       -0.0858614965
        0.5499108626       -0.1090154130
        0.2436416475        0.7234042096
        0.1326822073        0.4117428940
    2    Moment
    4    num
      112.1170049000        0.0692077243
       33.5691679900        0.3728157695
       13.3149088500        0.5664092659
        5.9194100290        0.1585946537
    2    Moment
    4    num
       10.7706155700        0.0038699422
        3.8448901680        0.2976123998
        1.7129377920        0.6203734570
        0.8396686442        0.1735534933
Sb  ------------------------------------
   51    iatm
   11    NShl
    0    Moment
    4    num
    13083.8794800000        0.0567524208
     2394.1887460000        0.2601413550
      665.1318501000        0.5328461143
      220.7512817000        0.2916254405
    0    Moment
    4    num
     1150.2795380000       -0.0622071456
      249.0108386000        0.0000297680
       80.9628538800        0.5588549221
       31.0950945100        0.4977673218
    1    Moment
    4    num
     1150.2795380000        0.0436843488
      249.0108386000        0.2863793984
       80.9628538800        0.5835753141
       31.0950945100        0.2463134378
    0    Moment
    4    num
      118.5053151000       -0.0888885878
       35.4819042400       -0.2026189326
       14.0735784900        0.5450886531
        6.2566918500        0.6517016167
    1    Moment
    4    num
      118.5053151000       -0.0258036399
       35.4819042400        0.1591409820
       14.0735784900        0.6284124830
        6.2566918500        0.3009838577
    0    Moment
    4    num
       11.8076298200       -0.0584687890
        4.2150831090       -0.4398036149
        1.8778625230        0.5319219322
        0.9205134517        0.8107467608
    1    Moment
    4    num
       11.8076298200       -0.0674663404
        4.2150831090        0.0207792791
        1.8778625230        0.6884538915
        0.9205134517        0.3514817260
    0    Moment
    4    num
        1.2476103180        0.0404511120
        0.5757855219       -0.6576691017
        0.2551055865        0.3792524265
        0.1389252317        1.0385897340
    1    Moment
    4    num
        1.2476103180       -0.0858614965
        0.5757855219       -0.1090154130
        0.2551055865        0.7234042096
        0.1389252317        0.4117428940
    2    Moment
    4    num
      118.5053151000        0.0692077243
       35.4819042400        0.3728157695
       14.0735784900        0.5664092659
        6.2566918500        0.1585946537
    2    Moment
    4    num
       11.8076298200        0.0038699422
        4.2150831090        0.2976123998
        1.8778625230        0.6203734570
        0.9205134517        0.1735534933
Te  ------------------------------------
   52    iatm
   11    NShl
    0    Moment
    4    num
    13606.2864700000        0.0567524208
     2489.7827880000        0.2601413550
      691.6889218000        0.5328461143
      229.5653350000        0.2916254405
    0    Moment
    4    num
     1198.3333120000       -0.0622071456
      259.4134495000        0.0000297680
       84.3451366400        0.5588549221
       32.3941149500        0.4977673218
    1    Moment
    4    num
     1198.3333120000        0.0436843488
      259.4134495000        0.2863793984
       84.3451366400        0.5835753141
       32.3941149500        0.2463134378
    0    Moment
    4    num
      125.0706175000       -0.0888885878
       37.4476340400       -0.2026189326
       14.8532675600        0.5450886531
        6.6033182760        0.6517016167
    1    Moment
    4    num
      125.0706175000       -0.0258036399
       37.4476340400        0.1591409820
       14.8532675600        0.6284124830
        6.6033182760        0.3009838577
    0    Moment
    4    num
       12.9405396100       -0.0584687890
        4.6195088080       -0.4398036149
        2.0580382980        0.5319219322
        1.0088342000        0.8107467608
    1    Moment
    4    num
       12.9405396100       -0.0674663404
        4.6195088080        0.0207792791
        2.0580382980        0.6884538915
        1.0088342000        0.3514817260
    0    Moment
    4    num
        1.3399953470        0.0404511120
        0.6184222018       -0.6576691017
        0.2739960498        0.3792524265
        0.1492125877        1.0385897340
    1    Moment
    4    num
        1.3399953470       -0.0858614965
        0.6184222018       -0.1090154130
        0.2739960498        0.7234042096
        0.1492125877        0.4117428940
    2    Moment
    4    num
      125.0706175000        0.0692077243
       37.4476340400        0.3728157695
       14.8532675600        0.5664092659
        6.6033182760        0.1585946537
    2    Moment
    4    num
       12.9405396100        0.0038699422
        4.6195088080        0.2976123998
        2.0580382980        0.6203734570
        1.0088342000        0.1735534933
I   ------------------------------------
   53    iatm
   11    NShl
    0    Moment
    4    num
    14133.4882500000        0.0567524208
     2586.2542200000        0.2601413550
      718.4897419000        0.5328461143
      238.4602863000        0.2916254405
    0    Moment
    4    num
     1247.3703920000       -0.0622071456
      270.0289253000        0.0000297680
       87.7966298100        0.5588549221
       33.7197167700        0.4977673218
    1    Moment
    4    num
     1247.3703920000        0.0436843488
      270.0289253000        0.2863793984
       87.7966298100        0.5835753141
       33.7197167700        0.2463134378
    0    Moment
    4    num
      131.8129120000       -0.0888885878
       39.4663574000       -0.2026189326
       15.6539760400        0.5450886531
        6.9592893060        0.6517016167
    1    Moment
    4    num
      131.8129120000       -0.0258036399
       39.4663574000        0.1591409820
       15.6539760400        0.6284124830
        6.9592893060        0.3009838577
    0    Moment
    4    num
       14.0749358100       -0.0584687890
        5.0244651220       -0.4398036149
        2.2384504670        0.5319219322
        1.0972708280        0.8107467608
    1    Moment
    4    num
       14.0749358100       -0.0674663404
        5.0244651220        0.0207792791
        2.2384504670        0.6884538915
        1.0972708280        0.3514817260
    0    Moment
    4    num
        1.5096084850        0.0404511120
        0.6967004815       -0.6576691017
        0.3086777597        0.3792524265
        0.1680995304        1.0385897340
    1    Moment
    4    num
        1.5096084850       -0.0858614965
        0.6967004815       -0.1090154130
        0.3086777597        0.7234042096
        0.1680995304        0.4117428940
    2    Moment
    4    num
      131.8129120000        0.0692077243
       39.4663574000        0.3728157695
       15.6539760400        0.5664092659
        6.9592893060        0.1585946537
    2    Moment
    4    num
       14.0749358100        0.0038699422
        5.0244651220        0.2976123998
        2.2384504670        0.6203734570
        1.0972708280        0.1735534933
Xe  ------------------------------------
   54    iatm
   11    NShl
    0    Moment
    4    num
    14670.7105600000        0.0567524208
     2684.5592830000        0.2601413550
      745.7999648000        0.5328461143
      247.5243038000        0.2916254405
    0    Moment
    4    num
     1297.3907790000       -0.0622071456
      280.8572658000        0.0000297680
       91.3173334000        0.5588549221
       35.0718999600        0.4977673218
    1    Moment
    4    num
     1297.3907790000        0.0436843488
      280.8572658000        0.2863793984
       91.3173334000        0.5835753141
       35.0718999600        0.2463134378
    0    Moment
    4    num
      138.5132919000       -0.0888885878
       41.4725310200       -0.2026189326
       16.4497067800        0.5450886531
        7.3130473800        0.6517016167
    1    Moment
    4    num
      138.5132919000       -0.0258036399
       41.4725310200        0.1591409820
       16.4497067800        0.6284124830
        7.3130473800        0.3009838577
    0    Moment
    4    num
       15.2569870100       -0.0584687890
        5.4464333000       -0.4398036149
        2.4264415950        0.5319219322
        1.1894226010        0.8107467608
    1    Moment
    4    num
       15.2569870100       -0.0674663404
        5.4464333000        0.0207792791
        2.4264415950        0.6884538915
        1.1894226010        0.3514817260
    0    Moment
    4    num
        1.7025498740        0.0404511120
        0.7857449986       -0.6576691017
        0.3481295224        0.3792524265
        0.1895841452        1.0385897340
    1    Moment
    4    num
        1.7025498740       -0.0858614965
        0.7857449986       -0.1090154130
        0.3481295224        0.7234042096
        0.1895841452        0.4117428940
    2    Moment
    4    num
      138.5132919000        0.0692077243
       41.4725310200        0.3728157695
       16.4497067800        0.5664092659
        7.3130473800        0.1585946537
    2    Moment
    4    num
       15.2569870100        0.0038699422
        5.4464333000        0.2976123998
        2.4264415950        0.6203734570
        1.1894226010        0.1735534933
end
