 Amesp basis library : STO-3G

H   ------------------------------------
    1    iatm
    1    NShl
    0    Moment
    3    num
        3.4252509140        0.1543289673
        0.6239137298        0.5353281423
        0.1688554040        0.4446345422
He  ------------------------------------
    2    iatm
    1    NShl
    0    Moment
    3    num
        6.3624213940        0.1543289673
        1.1589229990        0.5353281423
        0.3136497915        0.4446345422
Li  ------------------------------------
    3    iatm
    3    NShl
    0    Moment
    3    num
       16.1195747500        0.1543289673
        2.9362006630        0.5353281423
        0.7946504870        0.4446345422
    0    Moment
    3    num
        0.6362897469       -0.0999672292
        0.1478600533        0.3995128261
        0.0480886784        0.7001154689
    1    Moment
    3    num
        0.6362897469        0.1559162750
        0.1478600533        0.6076837186
        0.0480886784        0.3919573931
Be  ------------------------------------
    4    iatm
    3    NShl
    0    Moment
    3    num
       30.1678706900        0.1543289673
        5.4951153060        0.5353281423
        1.4871926530        0.4446345422
    0    Moment
    3    num
        1.3148331100       -0.0999672292
        0.3055389383        0.3995128261
        0.0993707456        0.7001154689
    1    Moment
    3    num
        1.3148331100        0.1559162750
        0.3055389383        0.6076837186
        0.0993707456        0.3919573931
B   ------------------------------------
    5    iatm
    3    NShl
    0    Moment
    3    num
       48.7911131800        0.1543289673
        8.8873621720        0.5353281423
        2.4052670400        0.4446345422
    0    Moment
    3    num
        2.2369561420       -0.0999672292
        0.5198204999        0.3995128261
        0.1690617600        0.7001154689
    1    Moment
    3    num
        2.2369561420        0.1559162750
        0.5198204999        0.6076837186
        0.1690617600        0.3919573931
C   ------------------------------------
    6    iatm
    3    NShl
    0    Moment
    3    num
       71.6168373500        0.1543289673
       13.0450963200        0.5353281423
        3.5305121600        0.4446345422
    0    Moment
    3    num
        2.9412493550       -0.0999672292
        0.6834830964        0.3995128261
        0.2222899159        0.7001154689
    1    Moment
    3    num
        2.9412493550        0.1559162750
        0.6834830964        0.6076837186
        0.2222899159        0.3919573931
N   ------------------------------------
    7    iatm
    3    NShl
    0    Moment
    3    num
       99.1061689600        0.1543289673
       18.0523123900        0.5353281423
        4.8856602380        0.4446345422
    0    Moment
    3    num
        3.7804558790       -0.0999672292
        0.8784966449        0.3995128261
        0.2857143744        0.7001154689
    1    Moment
    3    num
        3.7804558790        0.1559162750
        0.8784966449        0.6076837186
        0.2857143744        0.3919573931
O   ------------------------------------
    8    iatm
    3    NShl
    0    Moment
    3    num
      130.7093214000        0.1543289673
       23.8088660500        0.5353281423
        6.4436083130        0.4446345422
    0    Moment
    3    num
        5.0331513190       -0.0999672292
        1.1695961250        0.3995128261
        0.3803889600        0.7001154689
    1    Moment
    3    num
        5.0331513190        0.1559162750
        1.1695961250        0.6076837186
        0.3803889600        0.3919573931
F   ------------------------------------
    9    iatm
    3    NShl
    0    Moment
    3    num
      166.6791340000        0.1543289673
       30.3608123300        0.5353281423
        8.2168206720        0.4446345422
    0    Moment
    3    num
        6.4648032490       -0.0999672292
        1.5022812450        0.3995128261
        0.4885884864        0.7001154689
    1    Moment
    3    num
        6.4648032490        0.1559162750
        1.5022812450        0.6076837186
        0.4885884864        0.3919573931
Ne  ------------------------------------
   10    iatm
    3    NShl
    0    Moment
    3    num
      207.0156070000        0.1543289673
       37.7081512400        0.5353281423
       10.2052973100        0.4446345422
    0    Moment
    3    num
        8.2463151200       -0.0999672292
        1.9162662910        0.3995128261
        0.6232292721        0.7001154689
    1    Moment
    3    num
        8.2463151200        0.1559162750
        1.9162662910        0.6076837186
        0.6232292721        0.3919573931
Na  ------------------------------------
   11    iatm
    5    NShl
    0    Moment
    3    num
      250.7724300000        0.1543289673
       45.6785111700        0.5353281423
       12.3623877600        0.4446345422
    0    Moment
    3    num
       12.0401927400       -0.0999672292
        2.7978818590        0.3995128261
        0.9099580170        0.7001154689
    1    Moment
    3    num
       12.0401927400        0.1559162750
        2.7978818590        0.6076837186
        0.9099580170        0.3919573931
    0    Moment
    3    num
        1.4787406220       -0.2196203690
        0.4125648801        0.2255954336
        0.1614750979        0.9003984260
    1    Moment
    3    num
        1.4787406220        0.0105876043
        0.4125648801        0.5951670053
        0.1614750979        0.4620010120
Mg  ------------------------------------
   12    iatm
    5    NShl
    0    Moment
    3    num
      299.2374137000        0.1543289673
       54.5064684500        0.5353281423
       14.7515775200        0.4446345422
    0    Moment
    3    num
       15.1218235200       -0.0999672292
        3.5139865790        0.3995128261
        1.1428574980        0.7001154689
    1    Moment
    3    num
       15.1218235200        0.1559162750
        3.5139865790        0.6076837186
        1.1428574980        0.3919573931
    0    Moment
    3    num
        1.3954482930       -0.2196203690
        0.3893265318        0.2255954336
        0.1523797659        0.9003984260
    1    Moment
    3    num
        1.3954482930        0.0105876043
        0.3893265318        0.5951670053
        0.1523797659        0.4620010120
Al  ------------------------------------
   13    iatm
    5    NShl
    0    Moment
    3    num
      351.4214767000        0.1543289673
       64.0118606700        0.5353281423
       17.3241076100        0.4446345422
    0    Moment
    3    num
       18.8993962100       -0.0999672292
        4.3918132330        0.3995128261
        1.4283539700        0.7001154689
    1    Moment
    3    num
       18.8993962100        0.1559162750
        4.3918132330        0.6076837186
        1.4283539700        0.3919573931
    0    Moment
    3    num
        1.3954482930       -0.2196203690
        0.3893265318        0.2255954336
        0.1523797659        0.9003984260
    1    Moment
    3    num
        1.3954482930        0.0105876043
        0.3893265318        0.5951670053
        0.1523797659        0.4620010120
Si  ------------------------------------
   14    iatm
    5    NShl
    0    Moment
    3    num
      407.7975514000        0.1543289673
       74.2808330500        0.5353281423
       20.1032922900        0.4446345422
    0    Moment
    3    num
       23.1936560600       -0.0999672292
        5.3897068710        0.3995128261
        1.7528999520        0.7001154689
    1    Moment
    3    num
       23.1936560600        0.1559162750
        5.3897068710        0.6076837186
        1.7528999520        0.3919573931
    0    Moment
    3    num
        1.4787406220       -0.2196203690
        0.4125648801        0.2255954336
        0.1614750979        0.9003984260
    1    Moment
    3    num
        1.4787406220        0.0105876043
        0.4125648801        0.5951670053
        0.1614750979        0.4620010120
P   ------------------------------------
   15    iatm
    5    NShl
    0    Moment
    3    num
      468.3656378000        0.1543289673
       85.3133855900        0.5353281423
       23.0891315600        0.4446345422
    0    Moment
    3    num
       28.0326395800       -0.0999672292
        6.5141825770        0.3995128261
        2.1186143520        0.7001154689
    1    Moment
    3    num
       28.0326395800        0.1559162750
        6.5141825770        0.6076837186
        2.1186143520        0.3919573931
    0    Moment
    3    num
        1.7431032310       -0.2196203690
        0.4863213771        0.2255954336
        0.1903428909        0.9003984260
    1    Moment
    3    num
        1.7431032310        0.0105876043
        0.4863213771        0.5951670053
        0.1903428909        0.4620010120
S   ------------------------------------
   16    iatm
    5    NShl
    0    Moment
    3    num
      533.1257359000        0.1543289673
       97.1095183000        0.5353281423
       26.2816254200        0.4446345422
    0    Moment
    3    num
       33.3297517300       -0.0999672292
        7.7451175210        0.3995128261
        2.5189525990        0.7001154689
    1    Moment
    3    num
       33.3297517300        0.1559162750
        7.7451175210        0.6076837186
        2.5189525990        0.3919573931
    0    Moment
    3    num
        2.0291942740       -0.2196203690
        0.5661400518        0.2255954336
        0.2215833792        0.9003984260
    1    Moment
    3    num
        2.0291942740        0.0105876043
        0.5661400518        0.5951670053
        0.2215833792        0.4620010120
Cl  ------------------------------------
   17    iatm
    5    NShl
    0    Moment
    3    num
      601.3456136000        0.1543289673
      109.5358542000        0.5353281423
       29.6446768600        0.4446345422
    0    Moment
    3    num
       38.9604188900       -0.0999672292
        9.0535634770        0.3995128261
        2.9444998340        0.7001154689
    1    Moment
    3    num
       38.9604188900        0.1559162750
        9.0535634770        0.6076837186
        2.9444998340        0.3919573931
    0    Moment
    3    num
        2.1293864950       -0.2196203690
        0.5940934274        0.2255954336
        0.2325241410        0.9003984260
    1    Moment
    3    num
        2.1293864950        0.0105876043
        0.5940934274        0.5951670053
        0.2325241410        0.4620010120
Ar  ------------------------------------
   18    iatm
    5    NShl
    0    Moment
    3    num
      674.4465184000        0.1543289673
      122.8512753000        0.5353281423
       33.2483494500        0.4446345422
    0    Moment
    3    num
       45.1642439200       -0.0999672292
       10.4951990000        0.3995128261
        3.4133644480        0.7001154689
    1    Moment
    3    num
       45.1642439200        0.1559162750
       10.4951990000        0.6076837186
        3.4133644480        0.3919573931
    0    Moment
    3    num
        2.6213665180       -0.2196203690
        0.7313546050        0.2255954336
        0.2862472356        0.9003984260
    1    Moment
    3    num
        2.6213665180        0.0105876043
        0.7313546050        0.5951670053
        0.2862472356        0.4620010120
K   ------------------------------------
   19    iatm
    7    NShl
    0    Moment
    3    num
      771.5103681000        0.1543289673
      140.5315766000        0.5353281423
       38.0333289900        0.4446345422
    0    Moment
    3    num
       52.4020397900       -0.0999672292
       12.1771071000        0.3995128261
        3.9603731650        0.7001154689
    1    Moment
    3    num
       52.4020397900        0.1559162750
       12.1771071000        0.6076837186
        3.9603731650        0.3919573931
    0    Moment
    3    num
        3.6515839850       -0.2196203690
        1.0187826630        0.2255954336
        0.3987446295        0.9003984260
    1    Moment
    3    num
        3.6515839850        0.0105876043
        1.0187826630        0.5951670053
        0.3987446295        0.4620010120
    0    Moment
    3    num
        0.5039822505       -0.3088441214
        0.1860011465        0.0196064116
        0.0821400674        1.1310344420
    1    Moment
    3    num
        0.5039822505       -0.1215468600
        0.1860011465        0.5715227604
        0.0821400674        0.5498949471
Ca  ------------------------------------
   20    iatm
    7    NShl
    0    Moment
    3    num
      854.0324951000        0.1543289673
      155.5630851000        0.5353281423
       42.1014417900        0.4446345422
    0    Moment
    3    num
       59.5602994400       -0.0999672292
       13.8405327000        0.3995128261
        4.5013707970        0.7001154689
    1    Moment
    3    num
       59.5602994400        0.1559162750
       13.8405327000        0.6076837186
        4.5013707970        0.3919573931
    0    Moment
    3    num
        4.3747062560       -0.2196203690
        1.2205319410        0.2255954336
        0.4777079296        0.9003984260
    1    Moment
    3    num
        4.3747062560        0.0105876043
        1.2205319410        0.5951670053
        0.4777079296        0.4620010120
    0    Moment
    3    num
        0.4558489757       -0.3088441214
        0.1682369410        0.0196064116
        0.0742952070        1.1310344420
    1    Moment
    3    num
        0.4558489757       -0.1215468600
        0.1682369410        0.5715227604
        0.0742952070        0.5498949471
Sc  ------------------------------------
   21    iatm
    8    NShl
    0    Moment
    3    num
      941.6624250000        0.1543289673
      171.5249862000        0.5353281423
       46.4213551600        0.4446345422
    0    Moment
    3    num
       67.1766877100       -0.0999672292
       15.6104175400        0.3995128261
        5.0769922780        0.7001154689
    1    Moment
    3    num
       67.1766877100        0.1559162750
       15.6104175400        0.6076837186
        5.0769922780        0.3919573931
    0    Moment
    3    num
        4.6981592310       -0.2277635023
        1.4330883130        0.2175436044
        0.5529300235        0.9166769611
    1    Moment
    3    num
        4.6981592310        0.0049515112
        1.4330883130        0.5777664691
        0.5529300235        0.4846460366
    0    Moment
    3    num
        0.6309328384       -0.3088441214
        0.2328538976        0.0196064116
        0.1028307363        1.1310344420
    1    Moment
    3    num
        0.6309328384       -0.1215468600
        0.2328538976        0.5715227604
        0.1028307363        0.5498949471
    2    Moment
    3    num
        0.5517000679        0.2197679508
        0.1682861055        0.6555473627
        0.0649300112        0.2865732590
Ti  ------------------------------------
   22    iatm
    8    NShl
    0    Moment
    3    num
     1033.5712450000        0.1543289673
      188.2662926000        0.5353281423
       50.9522060100        0.4446345422
    0    Moment
    3    num
       75.2512046000       -0.0999672292
       17.4867616200        0.3995128261
        5.6872376060        0.7001154689
    1    Moment
    3    num
       75.2512046000        0.1559162750
       17.4867616200        0.6076837186
        5.6872376060        0.3919573931
    0    Moment
    3    num
        5.3955354740       -0.2277635023
        1.6458102960        0.2175436044
        0.6350047773        0.9166769611
    1    Moment
    3    num
        5.3955354740        0.0049515112
        1.6458102960        0.5777664691
        0.6350047773        0.4846460366
    0    Moment
    3    num
        0.7122640246       -0.3088441214
        0.2628702203        0.0196064116
        0.1160862609        1.1310344420
    1    Moment
    3    num
        0.7122640246       -0.1215468600
        0.2628702203        0.5715227604
        0.1160862609        0.5498949471
    2    Moment
    3    num
        1.6459811940        0.2197679508
        0.5020767279        0.6555473627
        0.1937168103        0.2865732590
V   ------------------------------------
   23    iatm
    8    NShl
    0    Moment
    3    num
     1130.7625170000        0.1543289673
      205.9698041000        0.5353281423
       55.7434671100        0.4446345422
    0    Moment
    3    num
       83.7838501100       -0.0999672292
       19.4695649300        0.3995128261
        6.3321067840        0.7001154689
    1    Moment
    3    num
       83.7838501100        0.1559162750
       19.4695649300        0.6076837186
        6.3321067840        0.3919573931
    0    Moment
    3    num
        6.1411512760       -0.2277635023
        1.8732468810        0.2175436044
        0.7227568825        0.9166769611
    1    Moment
    3    num
        6.1411512760        0.0049515112
        1.8732468810        0.5777664691
        0.7227568825        0.4846460366
    0    Moment
    3    num
        0.7122640246       -0.3088441214
        0.2628702203        0.0196064116
        0.1160862609        1.1310344420
    1    Moment
    3    num
        0.7122640246       -0.1215468600
        0.2628702203        0.5715227604
        0.1160862609        0.5498949471
    2    Moment
    3    num
        2.9648179270        0.2197679508
        0.9043639676        0.6555473627
        0.3489317337        0.2865732590
Cr  ------------------------------------
   24    iatm
    8    NShl
    0    Moment
    3    num
     1232.3204500000        0.1543289673
      224.4687082000        0.5353281423
       60.7499925100        0.4446345422
    0    Moment
    3    num
       92.7746242300       -0.0999672292
       21.5588274900        0.3995128261
        7.0115998100        0.7001154689
    1    Moment
    3    num
       92.7746242300        0.1559162750
       21.5588274900        0.6076837186
        7.0115998100        0.3919573931
    0    Moment
    3    num
        6.8994880960       -0.2277635023
        2.1045637820        0.2175436044
        0.8120061343        0.9166769611
    1    Moment
    3    num
        6.8994880960        0.0049515112
        2.1045637820        0.5777664691
        0.8120061343        0.4846460366
    0    Moment
    3    num
        0.7547780537       -0.3088441214
        0.2785605708        0.0196064116
        0.1230152851        1.1310344420
    1    Moment
    3    num
        0.7547780537       -0.1215468600
        0.2785605708        0.5715227604
        0.1230152851        0.5498949471
    2    Moment
    3    num
        4.2414792410        0.2197679508
        1.2937863600        0.6555473627
        0.4991829993        0.2865732590
Mn  ------------------------------------
   25    iatm
    8    NShl
    0    Moment
    3    num
     1337.1532660000        0.1543289673
      243.5641365000        0.5353281423
       65.9179606200        0.4446345422
    0    Moment
    3    num
      102.0220021000       -0.0999672292
       23.7077192300        0.3995128261
        7.7104860980        0.7001154689
    1    Moment
    3    num
      102.0220021000        0.1559162750
       23.7077192300        0.6076837186
        7.7104860980        0.3919573931
    0    Moment
    3    num
        7.7019609220       -0.2277635023
        2.3493435720        0.2175436044
        0.9064497869        0.9166769611
    1    Moment
    3    num
        7.7019609220        0.0049515112
        2.3493435720        0.5777664691
        0.9064497869        0.4846460366
    0    Moment
    3    num
        0.6709822861       -0.3088441214
        0.2476346626        0.0196064116
        0.1093580779        1.1310344420
    1    Moment
    3    num
        0.6709822861       -0.1215468600
        0.2476346626        0.5715227604
        0.1093580779        0.5498949471
    2    Moment
    3    num
        5.4269504610        0.2197679508
        1.6553928680        0.6555473627
        0.6387020316        0.2865732590
Fe  ------------------------------------
   26    iatm
    8    NShl
    0    Moment
    3    num
     1447.4004110000        0.1543289673
      263.6457916000        0.5353281423
       71.3528401900        0.4446345422
    0    Moment
    3    num
      111.9194891000       -0.0999672292
       26.0076823600        0.3995128261
        8.4585054900        0.7001154689
    1    Moment
    3    num
      111.9194891000        0.1559162750
       26.0076823600        0.6076837186
        8.4585054900        0.3919573931
    0    Moment
    3    num
        8.5485697540       -0.2277635023
        2.6075862500        0.2175436044
        1.0060878400        0.9166769611
    1    Moment
    3    num
        8.5485697540        0.0049515112
        2.6075862500        0.5777664691
        1.0060878400        0.4846460366
    0    Moment
    3    num
        0.5921156814       -0.3088441214
        0.2185279254        0.0196064116
        0.0965042359        1.1310344420
    1    Moment
    3    num
        0.5921156814       -0.1215468600
        0.2185279254        0.5715227604
        0.0965042359        0.5498949471
    2    Moment
    3    num
        6.4118034750        0.2197679508
        1.9558044280        0.6555473627
        0.7546101508        0.2865732590
Co  ------------------------------------
   27    iatm
    8    NShl
    0    Moment
    3    num
     1557.2987040000        0.1543289673
      283.6639029000        0.5353281423
       76.7705223400        0.4446345422
    0    Moment
    3    num
      121.8344741000       -0.0999672292
       28.3117116400        0.3995128261
        9.2078473210        0.7001154689
    1    Moment
    3    num
      121.8344741000        0.1559162750
       28.3117116400        0.6076837186
        9.2078473210        0.3919573931
    0    Moment
    3    num
        9.4808516780       -0.2277635023
        2.8919619520        0.2175436044
        1.1158088270        0.9166769611
    1    Moment
    3    num
        9.4808516780        0.0049515112
        2.8919619520        0.5777664691
        1.1158088270        0.4846460366
    0    Moment
    3    num
        0.5921156814       -0.3088441214
        0.2185279254        0.0196064116
        0.0965042359        1.1310344420
    1    Moment
    3    num
        0.5921156814       -0.1215468600
        0.2185279254        0.5715227604
        0.0965042359        0.5498949471
    2    Moment
    3    num
        7.6645273890        0.2197679508
        2.3379251510        0.6555473627
        0.9020442052        0.2865732590
Ni  ------------------------------------
   28    iatm
    8    NShl
    0    Moment
    3    num
     1679.7710280000        0.1543289673
      305.9723896000        0.5353281423
       82.8080694300        0.4446345422
    0    Moment
    3    num
      132.8588899000       -0.0999672292
       30.8735487800        0.3995128261
       10.0410362700        0.7001154689
    1    Moment
    3    num
      132.8588899000        0.1559162750
       30.8735487800        0.6076837186
       10.0410362700        0.3919573931
    0    Moment
    3    num
       10.3307433500       -0.2277635023
        3.1512060030        0.2175436044
        1.2158332410        0.9166769611
    1    Moment
    3    num
       10.3307433500        0.0049515112
        3.1512060030        0.5777664691
        1.2158332410        0.4846460366
    0    Moment
    3    num
        0.6309328384       -0.3088441214
        0.2328538976        0.0196064116
        0.1028307363        1.1310344420
    1    Moment
    3    num
        0.6309328384       -0.1215468600
        0.2328538976        0.5715227604
        0.1028307363        0.5498949471
    2    Moment
    3    num
        8.6277227550        0.2197679508
        2.6317304380        0.6555473627
        1.0154034190        0.2865732590
Cu  ------------------------------------
   29    iatm
    8    NShl
    0    Moment
    3    num
     1801.8067300000        0.1543289673
      328.2013450000        0.5353281423
       88.8240922800        0.4446345422
    0    Moment
    3    num
      144.1212184000       -0.0999672292
       33.4906717300        0.3995128261
       10.8922058800        0.7001154689
    1    Moment
    3    num
      144.1212184000        0.1559162750
       33.4906717300        0.6076837186
       10.8922058800        0.3919573931
    0    Moment
    3    num
       11.3077540200       -0.2277635023
        3.4492253970        0.2175436044
        1.3308183880        0.9166769611
    1    Moment
    3    num
       11.3077540200        0.0049515112
        3.4492253970        0.5777664691
        1.3308183880        0.4846460366
    0    Moment
    3    num
        0.6309328384       -0.3088441214
        0.2328538976        0.0196064116
        0.1028307363        1.1310344420
    1    Moment
    3    num
        0.6309328384       -0.1215468600
        0.2328538976        0.5715227604
        0.1028307363        0.5498949471
    2    Moment
    3    num
        9.6479119300        0.2197679508
        2.9429206540        0.6555473627
        1.1354702780        0.2865732590
Zn  ------------------------------------
   30    iatm
    8    NShl
    0    Moment
    3    num
     1929.4323010000        0.1543289673
      351.4485021000        0.5353281423
       95.1156802100        0.4446345422
    0    Moment
    3    num
      155.8416755000       -0.0999672292
       36.2142539100        0.3995128261
       11.7779993400        0.7001154689
    1    Moment
    3    num
      155.8416755000        0.1559162750
       36.2142539100        0.6076837186
       11.7779993400        0.3919573931
    0    Moment
    3    num
       12.2815274400       -0.2277635023
        3.7462573270        0.2175436044
        1.4454225410        0.9166769611
    1    Moment
    3    num
       12.2815274400        0.0049515112
        3.7462573270        0.5777664691
        1.4454225410        0.4846460366
    0    Moment
    3    num
        0.8897138854       -0.3088441214
        0.3283603790        0.0196064116
        0.1450074055        1.1310344420
    1    Moment
    3    num
        0.8897138854       -0.1215468600
        0.3283603790        0.5715227604
        0.1450074055        0.5498949471
    2    Moment
    3    num
       10.9473707700        0.2197679508
        3.3392970180        0.6555473627
        1.2884046020        0.2865732590
Ga  ------------------------------------
   31    iatm
    8    NShl
    0    Moment
    3    num
     2061.4245320000        0.1543289673
      375.4910517000        0.5353281423
      101.6225324000        0.4446345422
    0    Moment
    3    num
      167.7618680000       -0.0999672292
       38.9842502800        0.3995128261
       12.6788881300        0.7001154689
    1    Moment
    3    num
      167.7618680000        0.1559162750
       38.9842502800        0.6076837186
       12.6788881300        0.3919573931
    0    Moment
    3    num
       12.6150552000       -0.2277635023
        3.8479939270        0.2175436044
        1.4846756840        0.9166769611
    1    Moment
    3    num
       12.6150552000        0.0049515112
        3.8479939270        0.5777664691
        1.4846756840        0.4846460366
    0    Moment
    3    num
        0.7985243736       -0.3088441214
        0.2947057141        0.0196064116
        0.1301451506        1.1310344420
    1    Moment
    3    num
        0.7985243736       -0.1215468600
        0.2947057141        0.5715227604
        0.1301451506        0.5498949471
    2    Moment
    3    num
       12.6150552000        0.2197679508
        3.8479939270        0.6555473627
        1.4846756840        0.2865732590
Ge  ------------------------------------
   32    iatm
    8    NShl
    0    Moment
    3    num
     2196.3842290000        0.1543289673
      400.0741292000        0.5353281423
      108.2756726000        0.4446345422
    0    Moment
    3    num
      180.3890380000       -0.0999672292
       41.9185330400        0.3995128261
       13.6332079500        0.7001154689
    1    Moment
    3    num
      180.3890380000        0.1559162750
       41.9185330400        0.6076837186
       13.6332079500        0.3919573931
    0    Moment
    3    num
       14.1966561900       -0.2277635023
        4.3304326400        0.2175436044
        1.6708155380        0.9166769611
    1    Moment
    3    num
       14.1966561900        0.0049515112
        4.3304326400        0.5777664691
        1.6708155380        0.4846460366
    0    Moment
    3    num
        0.9858325600       -0.3088441214
        0.3638342150        0.0196064116
        0.1606730254        1.1310344420
    1    Moment
    3    num
        0.9858325600       -0.1215468600
        0.3638342150        0.5715227604
        0.1606730254        0.5498949471
    2    Moment
    3    num
       14.1966561900        0.2197679508
        4.3304326400        0.6555473627
        1.6708155380        0.2865732590
As  ------------------------------------
   33    iatm
    8    NShl
    0    Moment
    3    num
     2337.0656730000        0.1543289673
      425.6994298000        0.5353281423
      115.2108790000        0.4446345422
    0    Moment
    3    num
      193.1970535000       -0.0999672292
       44.8948404000        0.3995128261
       14.6011954800        0.7001154689
    1    Moment
    3    num
      193.1970535000        0.1559162750
       44.8948404000        0.6076837186
       14.6011954800        0.3919573931
    0    Moment
    3    num
       15.8716358400       -0.2277635023
        4.8413548190        0.2175436044
        1.8679451980        0.9166769611
    1    Moment
    3    num
       15.8716358400        0.0049515112
        4.8413548190        0.5777664691
        1.8679451980        0.4846460366
    0    Moment
    3    num
        1.1076814640       -0.3088441214
        0.4088041239        0.0196064116
        0.1805322114        1.1310344420
    1    Moment
    3    num
        1.1076814640       -0.1215468600
        0.4088041239        0.5715227604
        0.1805322114        0.5498949471
    2    Moment
    3    num
       15.8716358400        0.2197679508
        4.8413548190        0.6555473627
        1.8679451980        0.2865732590
Se  ------------------------------------
   34    iatm
    8    NShl
    0    Moment
    3    num
     2480.6268140000        0.1543289673
      451.8492708000        0.5353281423
      122.2880464000        0.4446345422
    0    Moment
    3    num
      206.1578780000       -0.0999672292
       47.9066572700        0.3995128261
       15.5807318000        0.7001154689
    1    Moment
    3    num
      206.1578780000        0.1559162750
       47.9066572700        0.6076837186
       15.5807318000        0.3919573931
    0    Moment
    3    num
       17.6399941400       -0.2277635023
        5.3807604650        0.2175436044
        2.0760646660        0.9166769611
    1    Moment
    3    num
       17.6399941400        0.0049515112
        5.3807604650        0.5777664691
        2.0760646660        0.4846460366
    0    Moment
    3    num
        1.2146442970       -0.3088441214
        0.4482801363        0.0196064116
        0.1979652346        1.1310344420
    1    Moment
    3    num
        1.2146442970       -0.1215468600
        0.4482801363        0.5715227604
        0.1979652346        0.5498949471
    2    Moment
    3    num
       17.6399941400        0.2197679508
        5.3807604650        0.6555473627
        2.0760646660        0.2865732590
Br  ------------------------------------
   35    iatm
    8    NShl
    0    Moment
    3    num
     2629.9974710000        0.1543289673
      479.0573224000        0.5353281423
      129.6516070000        0.4446345422
    0    Moment
    3    num
      219.8350255000       -0.0999672292
       51.0849322200        0.3995128261
       16.6144054600        0.7001154689
    1    Moment
    3    num
      219.8350255000        0.1559162750
       51.0849322200        0.6076837186
       16.6144054600        0.3919573931
    0    Moment
    3    num
       19.5017310900       -0.2277635023
        5.9486495770        0.2175436044
        2.2951739400        0.9166769611
    1    Moment
    3    num
       19.5017310900        0.0049515112
        5.9486495770        0.5777664691
        2.2951739400        0.4846460366
    0    Moment
    3    num
        1.3960374880       -0.3088441214
        0.5152256318        0.0196064116
        0.2275290713        1.1310344420
    1    Moment
    3    num
        1.3960374880       -0.1215468600
        0.5152256318        0.5715227604
        0.2275290713        0.5498949471
    2    Moment
    3    num
       19.5017310900        0.2197679508
        5.9486495770        0.6555473627
        2.2951739400        0.2865732590
Kr  ------------------------------------
   36    iatm
    8    NShl
    0    Moment
    3    num
     2782.1600550000        0.1543289673
      506.7739270000        0.5353281423
      137.1528019000        0.4446345422
    0    Moment
    3    num
      233.9514118000       -0.0999672292
       54.3652768100        0.3995128261
       17.6812753300        0.7001154689
    1    Moment
    3    num
      233.9514118000        0.1559162750
       54.3652768100        0.6076837186
       17.6812753300        0.3919573931
    0    Moment
    3    num
       21.4568467100       -0.2277635023
        6.5450221560        0.2175436044
        2.5252730210        0.9166769611
    1    Moment
    3    num
       21.4568467100        0.0049515112
        6.5450221560        0.5777664691
        2.5252730210        0.4846460366
    0    Moment
    3    num
        1.5900493360       -0.3088441214
        0.5868282053        0.0196064116
        0.2591495227        1.1310344420
    1    Moment
    3    num
        1.5900493360       -0.1215468600
        0.5868282053        0.5715227604
        0.2591495227        0.5498949471
    2    Moment
    3    num
       21.4568467100        0.2197679508
        6.5450221560        0.6555473627
        2.5252730210        0.2865732590
Rb  ------------------------------------
   37    iatm
   10    NShl
    0    Moment
    3    num
     2938.6015290000        0.1543289673
      535.2699368000        0.5353281423
      144.8649342000        0.4446345422
    0    Moment
    3    num
      248.5070369000       -0.0999672292
       57.7476910500        0.3995128261
       18.7813414200        0.7001154689
    1    Moment
    3    num
      248.5070369000        0.1559162750
       57.7476910500        0.6076837186
       18.7813414200        0.3919573931
    0    Moment
    3    num
       23.5053409700       -0.2277635023
        7.1698782010        0.2175436044
        2.7663619090        0.9166769611
    1    Moment
    3    num
       23.5053409700        0.0049515112
        7.1698782010        0.5777664691
        2.7663619090        0.4846460366
    0    Moment
    3    num
        2.2477968200       -0.3088441214
        0.8295783935        0.0196064116
        0.3663505653        1.1310344420
    1    Moment
    3    num
        2.2477968200       -0.1215468600
        0.8295783935        0.5715227604
        0.3663505653        0.5498949471
    0    Moment
    3    num
        0.4869939919       -0.3842642608
        0.2622161565       -0.1972567438
        0.1158254875        1.3754955120
    1    Moment
    3    num
        0.4869939919       -0.3481691526
        0.2622161565        0.6290323690
        0.1158254875        0.6662832743
    2    Moment
    3    num
       23.5053409700        0.2197679508
        7.1698782010        0.6555473627
        2.7663619090        0.2865732590
Sr  ------------------------------------
   38    iatm
   10    NShl
    0    Moment
    3    num
     3100.9839510000        0.1543289673
      564.8480978000        0.5353281423
      152.8699389000        0.4446345422
    0    Moment
    3    num
      263.5019007000       -0.0999672292
       61.2321749300        0.3995128261
       19.9146037200        0.7001154689
    1    Moment
    3    num
      263.5019007000        0.1559162750
       61.2321749300        0.6076837186
       19.9146037200        0.3919573931
    0    Moment
    3    num
       25.5788669200       -0.2277635023
        7.8023697070        0.2175436044
        3.0103967940        0.9166769611
    1    Moment
    3    num
       25.5788669200        0.0049515112
        7.8023697070        0.5777664691
        3.0103967940        0.4846460366
    0    Moment
    3    num
        2.4610324030       -0.3088441214
        0.9082757342        0.0196064116
        0.4011041407        1.1310344420
    1    Moment
    3    num
        2.4610324030       -0.1215468600
        0.9082757342        0.5715227604
        0.4011041407        0.5498949471
    0    Moment
    3    num
        0.4370804803       -0.3842642608
        0.2353408164       -0.1972567438
        0.1039541771        1.3754955120
    1    Moment
    3    num
        0.4370804803       -0.3481691526
        0.2353408164        0.6290323690
        0.1039541771        0.6662832743
    2    Moment
    3    num
       25.5788669200        0.2197679508
        7.8023697070        0.6555473627
        3.0103967940        0.2865732590
Y   ------------------------------------
   39    iatm
   11    NShl
    0    Moment
    3    num
     3266.0268690000        0.1543289673
      594.9108712000        0.5353281423
      161.0060986000        0.4446345422
    0    Moment
    3    num
      277.9377244000       -0.0999672292
       64.5867498900        0.3995128261
       21.0056156100        0.7001154689
    1    Moment
    3    num
      277.9377244000        0.1559162750
       64.5867498900        0.6076837186
       21.0056156100        0.3919573931
    0    Moment
    3    num
       28.9623841700       -0.2277635023
        8.8344503110        0.2175436044
        3.4086055770        0.9166769611
    1    Moment
    3    num
       28.9623841700        0.0049515112
        8.8344503110        0.5777664691
        3.4086055770        0.4846460366
    0    Moment
    3    num
        2.5272748840       -0.3306100626
        0.9841077401        0.0576109534
        0.4332066499        1.1155787450
    1    Moment
    3    num
        2.5272748840       -0.1283927634
        0.9841077401        0.5852047641
        0.4332066499        0.5439442040
    0    Moment
    3    num
        0.4370804803       -0.3842642608
        0.2353408164       -0.1972567438
        0.1039541771        1.3754955120
    1    Moment
    3    num
        0.4370804803       -0.3481691526
        0.2353408164        0.6290323690
        0.1039541771        0.6662832743
    2    Moment
    3    num
       28.9623841700        0.2197679508
        8.8344503110        0.6555473627
        3.4086055770        0.2865732590
    2    Moment
    3    num
        0.4576323918        0.1250662138
        0.1781996813        0.6686785577
        0.0784439384        0.3052468245
Zr  ------------------------------------
   40    iatm
   11    NShl
    0    Moment
    3    num
     3435.3486770000        0.1543289673
      625.7530498000        0.5353281423
      169.3531958000        0.4446345422
    0    Moment
    3    num
      293.7830292000       -0.0999672292
       68.2688579700        0.3995128261
       22.2031514400        0.7001154689
    1    Moment
    3    num
      293.7830292000        0.1559162750
       68.2688579700        0.6076837186
       22.2031514400        0.3919573931
    0    Moment
    3    num
       30.7329310300       -0.2277635023
        9.3745235380        0.2175436044
        3.6169826180        0.9166769611
    1    Moment
    3    num
       30.7329310300        0.0049515112
        9.3745235380        0.5777664691
        3.6169826180        0.4846460366
    0    Moment
    3    num
        2.8276078150       -0.3306100626
        1.1010558270        0.0576109534
        0.4846874856        1.1155787450
    1    Moment
    3    num
        2.8276078150       -0.1283927634
        1.1010558270        0.5852047641
        0.4846874856        0.5439442040
    0    Moment
    3    num
        0.4869939919       -0.3842642608
        0.2622161565       -0.1972567438
        0.1158254875        1.3754955120
    1    Moment
    3    num
        0.4869939919       -0.3481691526
        0.2622161565        0.6290323690
        0.1158254875        0.6662832743
    2    Moment
    3    num
       30.7329310300        0.2197679508
        9.3745235380        0.6555473627
        3.6169826180        0.2865732590
    2    Moment
    3    num
        0.8878301887        0.1250662138
        0.3457164736        0.6686785577
        0.1521852428        0.3052468245
Nb  ------------------------------------
   41    iatm
   11    NShl
    0    Moment
    3    num
     3610.7428640000        0.1543289673
      657.7013201000        0.5353281423
      177.9996445000        0.4446345422
    0    Moment
    3    num
      310.0675728000       -0.0999672292
       72.0530356900        0.3995128261
       23.4338834800        0.7001154689
    1    Moment
    3    num
      310.0675728000        0.1559162750
       72.0530356900        0.6076837186
       23.4338834800        0.3919573931
    0    Moment
    3    num
       33.0199785800       -0.2277635023
       10.0721459400        0.2175436044
        3.8861470280        0.9166769611
    1    Moment
    3    num
       33.0199785800        0.0049515112
       10.0721459400        0.5777664691
        3.8861470280        0.4846460366
    0    Moment
    3    num
        3.1447984300       -0.3306100626
        1.2245682080        0.0576109534
        0.5390579399        1.1155787450
    1    Moment
    3    num
        3.1447984300       -0.1283927634
        1.2245682080        0.5852047641
        0.5390579399        0.5439442040
    0    Moment
    3    num
        0.4869939919       -0.3842642608
        0.2622161565       -0.1972567438
        0.1158254875        1.3754955120
    1    Moment
    3    num
        0.4869939919       -0.3481691526
        0.2622161565        0.6290323690
        0.1158254875        0.6662832743
    2    Moment
    3    num
       33.0199785800        0.2197679508
       10.0721459400        0.6555473627
        3.8861470280        0.2865732590
    2    Moment
    3    num
        1.3448788660        0.1250662138
        0.5236888594        0.6686785577
        0.2305291251        0.3052468245
Mo  ------------------------------------
   42    iatm
   11    NShl
    0    Moment
    3    num
     3788.6661150000        0.1543289673
      690.1102623000        0.5353281423
      186.7707691000        0.4446345422
    0    Moment
    3    num
      326.4309567000       -0.0999672292
       75.8555342000        0.3995128261
       24.6705740100        0.7001154689
    1    Moment
    3    num
      326.4309567000        0.1559162750
       75.8555342000        0.6076837186
       24.6705740100        0.3919573931
    0    Moment
    3    num
       35.4694812900       -0.2277635023
       10.8193223400        0.2175436044
        4.1744309120        0.9166769611
    1    Moment
    3    num
       35.4694812900        0.0049515112
       10.8193223400        0.5777664691
        4.1744309120        0.4846460366
    0    Moment
    3    num
        3.4968951880       -0.3306100626
        1.3616728610        0.0576109534
        0.5994117456        1.1155787450
    1    Moment
    3    num
        3.4968951880       -0.1283927634
        1.3616728610        0.5852047641
        0.5994117456        0.5439442040
    0    Moment
    3    num
        0.5129625081       -0.3842642608
        0.2761985970       -0.1972567438
        0.1220017773        1.3754955120
    1    Moment
    3    num
        0.5129625081       -0.3481691526
        0.2761985970        0.6290323690
        0.1220017773        0.6662832743
    2    Moment
    3    num
       35.4694812900        0.2197679508
       10.8193223400        0.6555473627
        4.1744309120        0.2865732590
    2    Moment
    3    num
        1.7021123150        0.1250662138
        0.6627937127        0.6686785577
        0.2917634240        0.3052468245
Tc  ------------------------------------
   43    iatm
   11    NShl
    0    Moment
    3    num
     3970.8682570000        0.1543289673
      723.2986098000        0.5353281423
      195.7528311000        0.4446345422
    0    Moment
    3    num
      343.5846323000       -0.0999672292
       79.8416795200        0.3995128261
       25.9669921900        0.7001154689
    1    Moment
    3    num
      343.5846323000        0.1559162750
       79.8416795200        0.6076837186
       25.9669921900        0.3919573931
    0    Moment
    3    num
       38.0899198300       -0.2277635023
       11.6186396200        0.2175436044
        4.4828323670        0.9166769611
    1    Moment
    3    num
       38.0899198300        0.0049515112
       11.6186396200        0.5777664691
        4.4828323670        0.4846460366
    0    Moment
    3    num
        3.8297527080       -0.3306100626
        1.4912858540        0.0576109534
        0.6564677040        1.1155787450
    1    Moment
    3    num
        3.8297527080       -0.1283927634
        1.4912858540        0.5852047641
        0.6564677040        0.5439442040
    0    Moment
    3    num
        0.4616999826       -0.3842642608
        0.2485968963       -0.1972567438
        0.1098096207        1.3754955120
    1    Moment
    3    num
        0.4616999826       -0.3481691526
        0.2485968963        0.6290323690
        0.1098096207        0.6662832743
    2    Moment
    3    num
       38.0899198300        0.2197679508
       11.6186396200        0.6555473627
        4.4828323670        0.2865732590
    2    Moment
    3    num
        2.1013732280        0.1250662138
        0.8182638428        0.6686785577
        0.3602017580        0.3052468245
Ru  ------------------------------------
   44    iatm
   11    NShl
    0    Moment
    3    num
     4159.2742100000        0.1543289673
      757.6169894000        0.5353281423
      205.0407239000        0.4446345422
    0    Moment
    3    num
      360.7986561000       -0.0999672292
       83.8418484300        0.3995128261
       27.2679712700        0.7001154689
    1    Moment
    3    num
      360.7986561000        0.1559162750
       83.8418484300        0.6076837186
       27.2679712700        0.3919573931
    0    Moment
    3    num
       40.7175167800       -0.2277635023
       12.4201404400        0.2175436044
        4.7920763020        0.9166769611
    1    Moment
    3    num
       40.7175167800        0.0049515112
       12.4201404400        0.5777664691
        4.7920763020        0.4846460366
    0    Moment
    3    num
        4.1975163710       -0.3306100626
        1.6344911180        0.0576109534
        0.7195070139        1.1155787450
    1    Moment
    3    num
        4.1975163710       -0.1283927634
        1.6344911180        0.5852047641
        0.7195070139        0.5439442040
    0    Moment
    3    num
        0.4131354848       -0.3842642608
        0.2224479167       -0.1972567438
        0.0982591566        1.3754955120
    1    Moment
    3    num
        0.4131354848       -0.3481691526
        0.2224479167        0.6290323690
        0.0982591566        0.6662832743
    2    Moment
    3    num
       40.7175167800        0.2197679508
       12.4201404400        0.6555473627
        4.7920763020        0.2865732590
    2    Moment
    3    num
        2.3908957610        0.1250662138
        0.9310024167        0.6686785577
        0.4098295558        0.3052468245
Rh  ------------------------------------
   45    iatm
   11    NShl
    0    Moment
    3    num
     4350.0777940000        0.1543289673
      792.3721005000        0.5353281423
      214.4468133000        0.4446345422
    0    Moment
    3    num
      378.4334264000       -0.0999672292
       87.9397898100        0.3995128261
       28.6007489900        0.7001154689
    1    Moment
    3    num
      378.4334264000        0.1559162750
       87.9397898100        0.6076837186
       28.6007489900        0.3919573931
    0    Moment
    3    num
       43.5217945500       -0.2277635023
       13.2755345400        0.2175436044
        5.1221139390        0.9166769611
    1    Moment
    3    num
       43.5217945500        0.0049515112
       13.2755345400        0.5777664691
        5.1221139390        0.4846460366
    0    Moment
    3    num
        4.5408574080       -0.3306100626
        1.7681863380        0.0576109534
        0.7783599789        1.1155787450
    1    Moment
    3    num
        4.5408574080       -0.1283927634
        1.7681863380        0.5852047641
        0.7783599789        0.5439442040
    0    Moment
    3    num
        0.4131354848       -0.3842642608
        0.2224479167       -0.1972567438
        0.0982591566        1.3754955120
    1    Moment
    3    num
        0.4131354848       -0.3481691526
        0.2224479167        0.6290323690
        0.0982591566        0.6662832743
    2    Moment
    3    num
       43.5217945500        0.2197679508
       13.2755345400        0.6555473627
        5.1221139390        0.2865732590
    2    Moment
    3    num
        2.7790660940        0.1250662138
        1.0821539320        0.6686785577
        0.4763668250        0.3052468245
Pd  ------------------------------------
   46    iatm
   11    NShl
    0    Moment
    3    num
     4545.1602690000        0.1543289673
      827.9066168000        0.5353281423
      224.0638402000        0.4446345422
    0    Moment
    3    num
      396.4889433000       -0.0999672292
       92.1355036500        0.3995128261
       29.9653253500        0.7001154689
    1    Moment
    3    num
      396.4889433000        0.1559162750
       92.1355036500        0.6076837186
       29.9653253500        0.3919573931
    0    Moment
    3    num
       46.4194509700       -0.2277635023
       14.1594121100        0.2175436044
        5.4631413830        0.9166769611
    1    Moment
    3    num
       46.4194509700        0.0049515112
       14.1594121100        0.5777664691
        5.4631413830        0.4846460366
    0    Moment
    3    num
        4.9191045890       -0.3306100626
        1.9154738300        0.0576109534
        0.8431962954        1.1155787450
    1    Moment
    3    num
        4.9191045890       -0.1283927634
        1.9154738300        0.5852047641
        0.8431962954        0.5439442040
    0    Moment
    3    num
        0.4370804803       -0.3842642608
        0.2353408164       -0.1972567438
        0.1039541771        1.3754955120
    1    Moment
    3    num
        0.4370804803       -0.3481691526
        0.2353408164        0.6290323690
        0.1039541771        0.6662832743
    2    Moment
    3    num
       46.4194509700        0.2197679508
       14.1594121100        0.6555473627
        5.4631413830        0.2865732590
    2    Moment
    3    num
        3.0259774480        0.1250662138
        1.1782999340        0.6686785577
        0.5186905316        0.3052468245
Ag  ------------------------------------
   47    iatm
   11    NShl
    0    Moment
    3    num
     4744.5216340000        0.1543289673
      864.2205383000        0.5353281423
      233.8918045000        0.4446345422
    0    Moment
    3    num
      414.9652069000       -0.0999672292
       96.4289899500        0.3995128261
       31.3617003500        0.7001154689
    1    Moment
    3    num
      414.9652069000        0.1559162750
       96.4289899500        0.6076837186
       31.3617003500        0.3919573931
    0    Moment
    3    num
       49.4104860500       -0.2277635023
       15.0717731400        0.2175436044
        5.8151586340        0.9166769611
    1    Moment
    3    num
       49.4104860500        0.0049515112
       15.0717731400        0.5777664691
        5.8151586340        0.4846460366
    0    Moment
    3    num
        5.2902304500       -0.3306100626
        2.0599883160        0.0576109534
        0.9068119281        1.1155787450
    1    Moment
    3    num
        5.2902304500       -0.1283927634
        2.0599883160        0.5852047641
        0.9068119281        0.5439442040
    0    Moment
    3    num
        0.4370804803       -0.3842642608
        0.2353408164       -0.1972567438
        0.1039541771        1.3754955120
    1    Moment
    3    num
        0.4370804803       -0.3481691526
        0.2353408164        0.6290323690
        0.1039541771        0.6662832743
    2    Moment
    3    num
       49.4104860500        0.2197679508
       15.0717731400        0.6555473627
        5.8151586340        0.2865732590
    2    Moment
    3    num
        3.2833956680        0.1250662138
        1.2785372540        0.6686785577
        0.5628152469        0.3052468245
Cd  ------------------------------------
   48    iatm
   11    NShl
    0    Moment
    3    num
     4950.2619050000        0.1543289673
      901.6963856000        0.5353281423
      244.0342313000        0.4446345422
    0    Moment
    3    num
      433.4469385000       -0.0999672292
      100.7237469000        0.3995128261
       32.7584886100        0.7001154689
    1    Moment
    3    num
      433.4469385000        0.1559162750
      100.7237469000        0.6076837186
       32.7584886100        0.3919573931
    0    Moment
    3    num
       52.5927923500       -0.2277635023
       16.0424780000        0.2175436044
        6.1896867440        0.9166769611
    1    Moment
    3    num
       52.5927923500        0.0049515112
       16.0424780000        0.5777664691
        6.1896867440        0.4846460366
    0    Moment
    3    num
        5.6748517960       -0.3306100626
        2.2097578750        0.0576109534
        0.9727408566        1.1155787450
    1    Moment
    3    num
        5.6748517960       -0.1283927634
        2.2097578750        0.5852047641
        0.9727408566        0.5439442040
    0    Moment
    3    num
        0.5949150981       -0.3842642608
        0.3203250000       -0.1972567438
        0.1414931855        1.3754955120
    1    Moment
    3    num
        0.5949150981       -0.3481691526
        0.3203250000        0.6290323690
        0.1414931855        0.6662832743
    2    Moment
    3    num
       52.5927923500        0.2197679508
       16.0424780000        0.6555473627
        6.1896867440        0.2865732590
    2    Moment
    3    num
        3.6429639760        0.1250662138
        1.4185512900        0.6686785577
        0.6244497700        0.3052468245
In  ------------------------------------
   49    iatm
   11    NShl
    0    Moment
    3    num
     5158.2247140000        0.1543289673
      939.5770707000        0.5353281423
      254.2862231000        0.4446345422
    0    Moment
    3    num
      452.3313223000       -0.0999672292
      105.1120716000        0.3995128261
       34.1857079900        0.7001154689
    1    Moment
    3    num
      452.3313223000        0.1559162750
      105.1120716000        0.6076837186
       34.1857079900        0.3919573931
    0    Moment
    3    num
       55.9753976900       -0.2277635023
       17.0742804400        0.2175436044
        6.5877882040        0.9166769611
    1    Moment
    3    num
       55.9753976900        0.0049515112
       17.0742804400        0.5777664691
        6.5877882040        0.4846460366
    0    Moment
    3    num
        5.0485491800       -0.3306100626
        1.9658788820        0.0576109534
        0.8653847237        1.1155787450
    1    Moment
    3    num
        5.0485491800       -0.1283927634
        1.9658788820        0.5852047641
        0.8653847237        0.5439442040
    0    Moment
    3    num
        0.5669230612       -0.3842642608
        0.3052530187       -0.1972567438
        0.1348356264        1.3754955120
    1    Moment
    3    num
        0.5669230612       -0.3481691526
        0.3052530187        0.6290323690
        0.1348356264        0.6662832743
    2    Moment
    3    num
       55.9753976900        0.2197679508
       17.0742804400        0.6555473627
        6.5877882040        0.2865732590
    2    Moment
    3    num
        5.0485491800        0.1250662138
        1.9658788820        0.6686785577
        0.8653847237        0.3052468245
Sn  ------------------------------------
   50    iatm
   11    NShl
    0    Moment
    3    num
     5370.4664130000        0.1543289673
      978.2371611000        0.5353281423
      264.7491522000        0.4446345422
    0    Moment
    3    num
      472.0515322000       -0.0999672292
      109.6946243000        0.3995128261
       35.6760963600        0.7001154689
    1    Moment
    3    num
      472.0515322000        0.1559162750
      109.6946243000        0.6076837186
       35.6760963600        0.3919573931
    0    Moment
    3    num
       59.1514118800       -0.2277635023
       18.0430660000        0.2175436044
        6.9615757900        0.9166769611
    1    Moment
    3    num
       59.1514118800        0.0049515112
       18.0430660000        0.5777664691
        6.9615757900        0.4846460366
    0    Moment
    3    num
        5.5831385290       -0.3306100626
        2.1740452040        0.0576109534
        0.9570200509        1.1155787450
    1    Moment
    3    num
        5.5831385290       -0.1283927634
        2.1740452040        0.5852047641
        0.9570200509        0.5439442040
    0    Moment
    3    num
        0.6235816420       -0.3842642608
        0.3357601616       -0.1972567438
        0.1483111678        1.3754955120
    1    Moment
    3    num
        0.6235816420       -0.3481691526
        0.3357601616        0.6290323690
        0.1483111678        0.6662832743
    2    Moment
    3    num
       59.1514118800        0.2197679508
       18.0430660000        0.6555473627
        6.9615757900        0.2865732590
    2    Moment
    3    num
        5.5831385290        0.1250662138
        2.1740452040        0.6686785577
        0.9570200509        0.3052468245
Sb  ------------------------------------
   51    iatm
   11    NShl
    0    Moment
    3    num
     5586.9870020000        0.1543289673
     1017.6766570000        0.5353281423
      275.4230189000        0.4446345422
    0    Moment
    3    num
      492.1924888000       -0.0999672292
      114.3749494000        0.3995128261
       37.1982833600        0.7001154689
    1    Moment
    3    num
      492.1924888000        0.1559162750
      114.3749494000        0.6076837186
       37.1982833600        0.3919573931
    0    Moment
    3    num
       62.5217977500       -0.2277635023
       19.0711411200        0.2175436044
        7.3582391310        0.9166769611
    1    Moment
    3    num
       62.5217977500        0.0049515112
       19.0711411200        0.5777664691
        7.3582391310        0.4846460366
    0    Moment
    3    num
        6.1206931490       -0.3306100626
        2.3833661870        0.0576109534
        1.0491636630        1.1155787450
    1    Moment
    3    num
        6.1206931490       -0.1283927634
        2.3833661870        0.5852047641
        1.0491636630        0.5439442040
    0    Moment
    3    num
        0.6529226928       -0.3842642608
        0.3515585034       -0.1972567438
        0.1552895732        1.3754955120
    1    Moment
    3    num
        0.6529226928       -0.3481691526
        0.3515585034        0.6290323690
        0.1552895732        0.6662832743
    2    Moment
    3    num
       62.5217977500        0.2197679508
       19.0711411200        0.6555473627
        7.3582391310        0.2865732590
    2    Moment
    3    num
        6.1206931490        0.1250662138
        2.3833661870        0.6686785577
        1.0491636630        0.3052468245
Te  ------------------------------------
   52    iatm
   11    NShl
    0    Moment
    3    num
     5810.0615910000        0.1543289673
     1058.3099720000        0.5353281423
      286.4199797000        0.4446345422
    0    Moment
    3    num
      512.7541920000       -0.0999672292
      119.1530471000        0.3995128261
       38.7522690000        0.7001154689
    1    Moment
    3    num
      512.7541920000        0.1559162750
      119.1530471000        0.6076837186
       38.7522690000        0.3919573931
    0    Moment
    3    num
       65.9855622700       -0.2277635023
       20.1276997000        0.2175436044
        7.7658922790        0.9166769611
    1    Moment
    3    num
       65.9855622700        0.0049515112
       20.1276997000        0.5777664691
        7.7658922790        0.4846460366
    0    Moment
    3    num
        6.7079569210       -0.3306100626
        2.6120436550        0.0576109534
        1.1498280480        1.1155787450
    1    Moment
    3    num
        6.7079569210       -0.1283927634
        2.6120436550        0.5852047641
        1.1498280480        0.5439442040
    0    Moment
    3    num
        0.7012713483       -0.3842642608
        0.3775912653       -0.1972567438
        0.1667887020        1.3754955120
    1    Moment
    3    num
        0.7012713483       -0.3481691526
        0.3775912653        0.6290323690
        0.1667887020        0.6662832743
    2    Moment
    3    num
       65.9855622700        0.2197679508
       20.1276997000        0.6555473627
        7.7658922790        0.2865732590
    2    Moment
    3    num
        6.7079569210        0.1250662138
        2.6120436550        0.6686785577
        1.1498280480        0.3052468245
I   ------------------------------------
   53    iatm
   11    NShl
    0    Moment
    3    num
     6035.1836230000        0.1543289673
     1099.3162310000        0.5353281423
      297.5178737000        0.4446345422
    0    Moment
    3    num
      533.7366418000       -0.0999672292
      124.0289171000        0.3995128261
       40.3380532800        0.7001154689
    1    Moment
    3    num
      533.7366418000        0.1559162750
      124.0289171000        0.6076837186
       40.3380532800        0.3919573931
    0    Moment
    3    num
       69.5427054500       -0.2277635023
       21.2127417500        0.2175436044
        8.1845352340        0.9166769611
    1    Moment
    3    num
       69.5427054500        0.0049515112
       21.2127417500        0.5777664691
        8.1845352340        0.4846460366
    0    Moment
    3    num
        7.2959911960       -0.3306100626
        2.8410211540        0.0576109534
        1.2506245060        1.1155787450
    1    Moment
    3    num
        7.2959911960       -0.1283927634
        2.8410211540        0.5852047641
        1.2506245060        0.5439442040
    0    Moment
    3    num
        0.7900364582       -0.3842642608
        0.4253857892       -0.1972567438
        0.1879003836        1.3754955120
    1    Moment
    3    num
        0.7900364582       -0.3481691526
        0.4253857892        0.6290323690
        0.1879003836        0.6662832743
    2    Moment
    3    num
       69.5427054500        0.2197679508
       21.2127417500        0.6555473627
        8.1845352340        0.2865732590
    2    Moment
    3    num
        7.2959911960        0.1250662138
        2.8410211540        0.6686785577
        1.2506245060        0.3052468245
Xe  ------------------------------------
   54    iatm
   11    NShl
    0    Moment
    3    num
     6264.5845460000        0.1543289673
     1141.1018950000        0.5353281423
      308.8267052000        0.4446345422
    0    Moment
    3    num
      555.1398381000       -0.0999672292
      129.0025597000        0.3995128261
       41.9556362000        0.7001154689
    1    Moment
    3    num
      555.1398381000        0.1559162750
      129.0025597000        0.6076837186
       41.9556362000        0.3919573931
    0    Moment
    3    num
       73.0777350400       -0.2277635023
       22.2910384500        0.2175436044
        8.6005756220        0.9166769611
    1    Moment
    3    num
       73.0777350400        0.0049515112
       22.2910384500        0.5777664691
        8.6005756220        0.4846460366
    0    Moment
    3    num
        7.9087282800       -0.3306100626
        3.0796177990        0.0576109534
        1.3556553370        1.1155787450
    1    Moment
    3    num
        7.9087282800       -0.1283927634
        3.0796177990        0.5852047641
        1.3556553370        0.5439442040
    0    Moment
    3    num
        0.8910101433       -0.3842642608
        0.4797538759       -0.1972567438
        0.2119157236        1.3754955120
    1    Moment
    3    num
        0.8910101433       -0.3481691526
        0.4797538759        0.6290323690
        0.2119157236        0.6662832743
    2    Moment
    3    num
       73.0777350400        0.2197679508
       22.2910384500        0.6555473627
        8.6005756220        0.2865732590
    2    Moment
    3    num
        7.9087282800        0.1250662138
        3.0796177990        0.6686785577
        1.3556553370        0.3052468245
end
