 Amesp basis library : vsto-4g for GFN-xtb

H   ------------------------------------
    1    iatm
    1    NShl
    0    Moment
    3    num
        3.3702277000        0.1543289671
        0.6138911820        0.5353281425
        0.1661429110        0.4446345424
He  ------------------------------------
    2    iatm
    2    NShl
    0    Moment
    3    num
        6.2102452000        0.1543289671
        1.1312039200        0.5353281424
        0.3061479260        0.4446345423
    1    Moment
    4    num
        4.0460872300        0.0571317026
        1.0490900000        0.2857455518
        0.3698366890        0.5517873106
        0.1472383590        0.2632314918
Li  ------------------------------------
    3    iatm
    2    NShl
    0    Moment
    4    num
        6.5346266400       -0.0119841175
        1.1253167800       -0.0547205254
        0.0904240047        0.5805587175
        0.0344628264        0.4770079976
    1    Moment
    4    num
        0.5596087340        0.0571317026
        0.1450981890        0.2857455519
        0.0511516015        0.5517873108
        0.0203643340        0.2632314919
Be  ------------------------------------
    4    iatm
    2    NShl
    0    Moment
    4    num
       12.4358208000       -0.0119841175
        2.1415512400       -0.0547205254
        0.1720827800        0.5805587175
        0.0655850069        0.4770079976
    1    Moment
    4    num
        1.6206489900        0.0571317026
        0.4202100840        0.2857455518
        0.1481370580        0.5517873107
        0.0589759154        0.2632314919
B   ------------------------------------
    5    iatm
    2    NShl
    0    Moment
    4    num
       25.4229433000       -0.0119841175
        4.3780412100       -0.0547205254
        0.3517942920        0.5805587177
        0.1340775120        0.4770079977
    1    Moment
    4    num
        3.9378729900        0.0571317026
        1.0210316600        0.2857455518
        0.3599452570        0.5517873106
        0.1433004090        0.2632314918
C   ------------------------------------
    6    iatm
    2    NShl
    0    Moment
    4    num
       51.0493631000       -0.0119841175
        8.7911227400       -0.0547205254
        0.7064042230        0.5805587176
        0.2692281340        0.4770079977
    1    Moment
    4    num
        5.8263656100        0.0571317026
        1.5106896000        0.2857455518
        0.5325648330        0.5517873106
        0.2120232370        0.2632314918
N   ------------------------------------
    7    iatm
    2    NShl
    0    Moment
    4    num
       63.5940245000       -0.0119841175
       10.9514172000       -0.0547205254
        0.8799931030        0.5805587176
        0.3353871530        0.4770079977
    1    Moment
    4    num
        7.2965040500        0.0571317026
        1.8918745500        0.2857455519
        0.6669443210        0.5517873108
        0.2655220270        0.2632314919
O   ------------------------------------
    8    iatm
    2    NShl
    0    Moment
    4    num
       69.1379619000       -0.0119841175
       11.9061291000       -0.0547205254
        0.9567082770        0.5805587176
        0.3646252050        0.4770079976
    1    Moment
    4    num
        8.2124193300        0.0571317026
        2.1293577000        0.2857455519
        0.7506644820        0.5517873108
        0.2988524650        0.2632314919
F   ------------------------------------
    9    iatm
    2    NShl
    0    Moment
    4    num
       67.8191595000       -0.0119841175
       11.6790204000       -0.0547205254
        0.9384591250        0.5805587176
        0.3576700010        0.4770079977
    1    Moment
    4    num
        9.5824040400        0.0571317026
        2.4845742800        0.2857455519
        0.8758893180        0.5517873108
        0.3487066300        0.2632314919
Ne  ------------------------------------
   10    iatm
    3    NShl
    0    Moment
    4    num
      110.4807970000       -0.0119841175
       19.0257074000       -0.0547205254
        1.5287967700        0.5805587177
        0.5826622880        0.4770079978
    1    Moment
    4    num
        9.6127476800        0.0571317026
        2.4924419300        0.2857455518
        0.8786629100        0.5517873107
        0.3498108450        0.2632314918
    2    Moment
    3    num
        4.1454592700        0.1686596060
        1.2998148900        0.5847984821
        0.5063099330        0.4056779521
Na  ------------------------------------
   11    iatm
    2    NShl
    0    Moment
    4    num
        0.8827946280       -0.0329549635
        0.2486615650       -0.1724516960
        0.0445888854        0.7518511192
        0.0219379136        0.3589627321
    1    Moment
    4    num
        0.6096278120       -0.0143424939
        0.0629989138        0.2755177580
        0.0284733566        0.5846750881
        0.0137646489        0.2144986520
Mg  ------------------------------------
   12    iatm
    3    NShl
    0    Moment
    4    num
        2.1221079400       -0.0329549635
        0.5977456880       -0.1724516960
        0.1071850970        0.7518511191
        0.0527355052        0.3589627321
    1    Moment
    4    num
        0.9547442590       -0.0143424939
        0.0986632336        0.2755177580
        0.0445924106        0.5846750881
        0.0215569553        0.2144986520
    2    Moment
    3    num
        0.8837199660        0.1686596061
        0.2770917030        0.5847984823
        0.1079340470        0.4056779522
Al  ------------------------------------
   13    iatm
    3    NShl
    0    Moment
    4    num
        2.7682774400       -0.0329549635
        0.7797557640       -0.1724516960
        0.1398223340        0.7518511191
        0.0687931590        0.3589627321
    1    Moment
    4    num
        3.5867195700       -0.0143424939
        0.3706514580        0.2755177581
        0.1675217950        0.5846750882
        0.0809837323        0.2144986521
    2    Moment
    3    num
        0.5229112220        0.1686596060
        0.1639595880        0.5847984821
        0.0638663002        0.4056779521
Si  ------------------------------------
   14    iatm
    3    NShl
    0    Moment
    4    num
        4.7619162000       -0.0329549635
        1.3413148400       -0.1724516961
        0.2405186090        0.7518511193
        0.1183361370        0.3589627321
    1    Moment
    4    num
        5.4760498500       -0.0143424939
        0.5658947730        0.2755177581
        0.2557651030        0.5846750883
        0.1236424940        0.2144986521
    2    Moment
    3    num
        0.8170487850        0.1686596060
        0.2561868560        0.5847984821
        0.0997910941        0.4056779520
P   ------------------------------------
   15    iatm
    3    NShl
    0    Moment
    4    num
        4.9957272500       -0.0329549635
        1.4071736700       -0.1724516960
        0.2523281210        0.7518511190
        0.1241464660        0.3589627320
    1    Moment
    4    num
        6.7128658500       -0.0143424939
        0.6937072890        0.2755177581
        0.3135319930        0.5846750881
        0.1515682840        0.2144986520
    2    Moment
    3    num
        0.7127977040        0.1686596060
        0.2234987750        0.5847984821
        0.0870582810        0.4056779520
S   ------------------------------------
   16    iatm
    3    NShl
    0    Moment
    4    num
        5.9405971600       -0.0329549635
        1.6733203200       -0.1724516960
        0.3000523530        0.7518511188
        0.1476269830        0.3589627319
    1    Moment
    4    num
        7.6040239400       -0.0143424939
        0.7857995310        0.2755177581
        0.3551545400        0.5846750883
        0.1716895410        0.2144986521
    2    Moment
    3    num
        1.5157593800        0.1686596060
        0.4752685950        0.5847984821
        0.1851288310        0.4056779521
Cl  ------------------------------------
   17    iatm
    3    NShl
    0    Moment
    4    num
        9.3467486600       -0.0329549635
        2.6327495400       -0.1724516960
        0.4720929320        0.7518511190
        0.2322716500        0.3589627320
    1    Moment
    4    num
        8.9665386900       -0.0143424939
        0.9266017500        0.2755177580
        0.4187923320        0.5846750881
        0.2024534550        0.2144986520
    2    Moment
    3    num
        3.2059774600        0.1686596061
        1.0052389800        0.5847984824
        0.3915653550        0.4056779522
Ar  ------------------------------------
   18    iatm
    3    NShl
    0    Moment
    4    num
        8.2131040900       -0.0329549635
        2.3134297100       -0.1724516960
        0.4148339210        0.7518511191
        0.2040999820        0.3589627321
    1    Moment
    4    num
        8.5616964800       -0.0143424939
        0.8847653720        0.2755177580
        0.3998837190        0.5846750881
        0.1933126140        0.2144986520
    2    Moment
    3    num
        1.9894529700        0.1686596060
        0.6237959220        0.5847984822
        0.2429838850        0.4056779521
K   ------------------------------------
   19    iatm
    2    NShl
    0    Moment
    4    num
        0.2487774790       -0.1120682820
        0.1276199300       -0.2845426860
        0.0389876506        0.8909873791
        0.0217076451        0.3517811200
    1    Moment
    4    num
        0.5956062330       -0.0060352168
        0.1726881550       -0.0601331087
        0.0301399108        0.6451518201
        0.0147894088        0.4117923821
Ca  ------------------------------------
   20    iatm
    3    NShl
    0    Moment
    4    num
        0.5205756700       -0.1120682820
        0.2670492160       -0.2845426861
        0.0815830375        0.8909873793
        0.0454240149        0.3517811201
    1    Moment
    4    num
        0.9227068250       -0.0060352168
        0.2675266490       -0.0601331087
        0.0466924283        0.6451518199
        0.0229115944        0.4117923820
    2    Moment
    3    num
        0.9958321320        0.1686596060
        0.3122446390        0.5847984822
        0.1216269820        0.4056779521
Sc  ------------------------------------
   21    iatm
    3    NShl
    2    Moment
    3    num
        3.1132042500        0.1686596060
        0.9761498010        0.5847984820
        0.3802344050        0.4056779520
    0    Moment
    4    num
        0.5985346680       -0.1120682820
        0.3070412690       -0.2845426860
        0.0938005348        0.8909873789
        0.0522265047        0.3517811200
    1    Moment
    4    num
        1.5506324700       -0.0060352168
        0.4495853910       -0.0601331087
        0.0784678228        0.6451518199
        0.0385035218        0.4117923820
Ti  ------------------------------------
   22    iatm
    3    NShl
    2    Moment
    3    num
        1.7896520500        0.1686596060
        0.5611480490        0.5847984819
        0.2185809950        0.4056779519
    0    Moment
    4    num
        0.7005935670       -0.1120682820
        0.3593962870       -0.2845426859
        0.1097948950        0.8909873786
        0.0611318862        0.3517811199
    1    Moment
    4    num
        1.3681749900       -0.0060352168
        0.3966842570       -0.0601331087
        0.0692347896        0.6451518199
        0.0339729476        0.4117923819
V   ------------------------------------
   23    iatm
    3    NShl
    2    Moment
    3    num
        1.4646011100        0.1686596060
        0.4592278460        0.5847984819
        0.1788805640        0.4056779519
    0    Moment
    4    num
        0.6202923280       -0.1120682820
        0.3182026930       -0.2845426860
        0.0972103292        0.8909873791
        0.0541250189        0.3517811200
    1    Moment
    4    num
        1.3133320900       -0.0060352168
        0.3807832820       -0.0601331087
        0.0664595329        0.6451518199
        0.0326111517        0.4117923820
Cr  ------------------------------------
   24    iatm
    3    NShl
    2    Moment
    3    num
        1.2859881100        0.1686596060
        0.4032234760        0.5847984822
        0.1570654810        0.4056779521
    0    Moment
    4    num
        0.6313290360       -0.1120682820
        0.3238643950       -0.2845426860
        0.0989399686        0.8909873791
        0.0550880520        0.3517811200
    1    Moment
    4    num
        1.7418484300       -0.0060352168
        0.5050259300       -0.0601331087
        0.0881440678        0.6451518200
        0.0432515764        0.4117923820
Mn  ------------------------------------
   25    iatm
    3    NShl
    2    Moment
    3    num
        1.7689252900        0.1686596060
        0.5546491440        0.5847984819
        0.2160495110        0.4056779520
    0    Moment
    4    num
        0.4843050220       -0.1120682820
        0.2484427990       -0.2845426860
        0.0758988117        0.8909873791
        0.0422591370        0.3517811200
    1    Moment
    4    num
        2.2958298000       -0.0060352168
        0.6656455080       -0.0601331087
        0.1161776050        0.6451518203
        0.0570074046        0.4117923822
Fe  ------------------------------------
   26    iatm
    3    NShl
    2    Moment
    3    num
        1.9097284100        0.1686596060
        0.5987981680        0.5847984821
        0.2332466440        0.4056779521
    0    Moment
    4    num
        0.3389044370       -0.1120682820
        0.1738540040       -0.2845426859
        0.0531120738        0.8909873788
        0.0295718780        0.3517811199
    1    Moment
    4    num
        2.5010806500       -0.0060352168
        0.7251552790       -0.0601331087
        0.1265640680        0.6451518201
        0.0621039576        0.4117923820
Co  ------------------------------------
   27    iatm
    3    NShl
    2    Moment
    3    num
        2.8303274900        0.1686596060
        0.8874533730        0.5847984821
        0.3456849600        0.4056779521
    0    Moment
    4    num
        0.6951119950       -0.1120682820
        0.3565843050       -0.2845426860
        0.1089358400        0.8909873790
        0.0606535792        0.3517811200
    1    Moment
    4    num
        2.5173795300       -0.0060352168
        0.7298809240       -0.0601331087
        0.1273888520        0.6451518197
        0.0625086727        0.4117923818
Ni  ------------------------------------
   28    iatm
    3    NShl
    2    Moment
    3    num
        3.0896600400        0.1686596060
        0.9687674760        0.5847984820
        0.3773588080        0.4056779520
    0    Moment
    4    num
        0.7005573450       -0.1120682820
        0.3593777060       -0.2845426861
        0.1097892190        0.8909873793
        0.0611287256        0.3517811201
    1    Moment
    4    num
        2.5890928000       -0.0060352168
        0.7506732380       -0.0601331087
        0.1310178130        0.6451518200
        0.0642893741        0.4117923820
Cu  ------------------------------------
   29    iatm
    3    NShl
    2    Moment
    3    num
        2.9506018400        0.1686596060
        0.9251655720        0.5847984821
        0.3603747910        0.4056779521
    0    Moment
    4    num
        0.7797831170       -0.1120682820
        0.4000195980       -0.2845426860
        0.1222052410        0.8909873790
        0.0680417507        0.3517811200
    1    Moment
    4    num
        5.8794511000       -0.0060352168
        1.7046691400       -0.0601331087
        0.2975222920        0.6451518201
        0.1459917660        0.4117923821
Zn  ------------------------------------
   30    iatm
    2    NShl
    0    Moment
    4    num
        0.8986491670       -0.1120682820
        0.4609964880       -0.2845426859
        0.1408335670        0.8909873788
        0.0784136784        0.3517811199
    1    Moment
    4    num
        2.0657647600       -0.0060352168
        0.5989411900       -0.0601331087
        0.1045354500        0.6451518200
        0.0512946942        0.4117923820
Ga  ------------------------------------
   31    iatm
    3    NShl
    0    Moment
    4    num
        0.9602014990       -0.1120682820
        0.4925721130       -0.2845426861
        0.1504798620        0.8909873793
        0.0837845672        0.3517811201
    1    Moment
    4    num
        3.7809176500       -0.0060352168
        1.0962271000       -0.0601331087
        0.1913286240        0.6451518202
        0.0938833978        0.4117923821
    2    Moment
    3    num
        0.1959933230        0.2308552718
        0.0886481370        0.6042409175
        0.0435471574        0.2595768928
Ge  ------------------------------------
   32    iatm
    3    NShl
    0    Moment
    4    num
        1.2845023500       -0.1120682820
        0.6589346460       -0.2845426859
        0.2013033050        0.8909873787
        0.1120821760        0.3517811199
    1    Moment
    4    num
        5.0004521000       -0.0060352168
        1.4498150000       -0.0601331087
        0.2530416440        0.6451518202
        0.1241654740        0.4117923821
    2    Moment
    3    num
        0.2151037830        0.2308552718
        0.0972918329        0.6042409174
        0.0477932522        0.2595768927
As  ------------------------------------
   33    iatm
    3    NShl
    0    Moment
    4    num
        1.3309914800       -0.1120682820
        0.6827830290       -0.2845426861
        0.2085889420        0.8909873794
        0.1161386910        0.3517811201
    1    Moment
    4    num
        5.6713171600       -0.0060352168
        1.6443234500       -0.0601331087
        0.2869899330        0.6451518198
        0.1408236240        0.4117923818
    2    Moment
    3    num
        0.1923448280        0.2308552719
        0.0869979158        0.6042409177
        0.0427365093        0.2595768929
Se  ------------------------------------
   34    iatm
    3    NShl
    0    Moment
    4    num
        1.6137215200       -0.1120682821
        0.8278202250       -0.2845426861
        0.2528975350        0.8909873794
        0.1408089440        0.3517811202
    1    Moment
    4    num
        6.9037909200       -0.0060352168
        2.0016629300       -0.0601331087
        0.3493577310        0.6451518200
        0.1714269940        0.4117923820
    2    Moment
    3    num
        0.3086002190        0.2308552718
        0.1395804410        0.6042409174
        0.0685669395        0.2595768928
Br  ------------------------------------
   35    iatm
    3    NShl
    0    Moment
    4    num
        1.3994582900       -0.1120682820
        0.7179056970       -0.2845426859
        0.2193188510        0.8909873788
        0.1221129180        0.3517811199
    1    Moment
    4    num
        7.6447078900       -0.0060352168
        2.2164820100       -0.0601331087
        0.3868509110        0.6451518201
        0.1898245920        0.4117923821
    2    Moment
    3    num
        0.6051643130        0.2308552718
        0.2737169210        0.6042409175
        0.1344596090        0.2595768928
Kr  ------------------------------------
   36    iatm
    3    NShl
    0    Moment
    4    num
        1.9392811900       -0.1120682820
        0.9948285160       -0.2845426860
        0.3039182560        0.8909873790
        0.1692163940        0.3517811200
    1    Moment
    4    num
        7.2933055900       -0.0060352168
        2.1145975600       -0.0601331087
        0.3690686350        0.6451518201
        0.1810989740        0.4117923820
    2    Moment
    3    num
        0.6316568950        0.2308552718
        0.2856995640        0.6042409175
        0.1403459150        0.2595768928
Rb  ------------------------------------
   37    iatm
    2    NShl
    0    Moment
    4    num
        0.8901920300        0.0110365756
        0.1230467370       -0.5606519007
        0.0356611042        1.1794299870
        0.0204358528        0.1734974376
    1    Moment
    4    num
        0.3000369170       -0.0180145921
        0.1392248020       -0.1360777369
        0.0374289521        0.7533973715
        0.0208226539        0.3409304858
Sr  ------------------------------------
   38    iatm
    3    NShl
    0    Moment
    4    num
        1.7321907700        0.0110365756
        0.2394319600       -0.5606518999
        0.0693915843        1.1794299860
        0.0397653477        0.1734974374
    1    Moment
    4    num
        0.3419591730       -0.0180145921
        0.1586778000       -0.1360777370
        0.0426586622        0.7533973718
        0.0237320712        0.3409304859
    2    Moment
    3    num
        0.3999863740        0.2308552718
        0.1809145650        0.6042409175
        0.0888717499        0.2595768928
Y   ------------------------------------
   39    iatm
    3    NShl
    2    Moment
    3    num
        1.2674506800        0.2308552718
        0.5732702520        0.6042409174
        0.2816109930        0.2595768928
    0    Moment
    4    num
        2.2964234700        0.0110365756
        0.3174229890       -0.5606519003
        0.0919947536        1.1794299870
        0.0527182567        0.1734974375
    1    Moment
    4    num
        0.5382268770       -0.0180145921
        0.2497510340       -0.1360777370
        0.0671426310        0.7533973718
        0.0373531099        0.3409304859
Zr  ------------------------------------
   40    iatm
    3    NShl
    2    Moment
    3    num
        0.8909268790        0.2308552718
        0.4029678500        0.6042409176
        0.1979523200        0.2595768928
    0    Moment
    4    num
        2.4933188900        0.0110365756
        0.3446388460       -0.5606519003
        0.0998823866        1.1794299860
        0.0572383217        0.1734974375
    1    Moment
    4    num
        0.5056477610       -0.0180145921
        0.2346334910       -0.1360777369
        0.0630784571        0.7533973716
        0.0350921093        0.3409304858
Nb  ------------------------------------
   41    iatm
    3    NShl
    2    Moment
    3    num
        0.5178979980        0.2308552719
        0.2342462070        0.6042409176
        0.1150701730        0.2595768928
    0    Moment
    4    num
        2.3889394400        0.0110365756
        0.3302110040       -0.5606519001
        0.0957009446        1.1794299860
        0.0548421162        0.1734974374
    1    Moment
    4    num
        0.5079620070       -0.0180145921
        0.2357073600       -0.1360777369
        0.0633671543        0.7533973717
        0.0352527187        0.3409304859
Mo  ------------------------------------
   42    iatm
    3    NShl
    2    Moment
    3    num
        0.5617707230        0.2308552718
        0.2540899210        0.6042409175
        0.1248181200        0.2595768928
    0    Moment
    4    num
        2.3134361900        0.0110365756
        0.3197745720       -0.5606519001
        0.0926762835        1.1794299860
        0.0531088124        0.1734974374
    1    Moment
    4    num
        0.5330382680       -0.0180145921
        0.2473433870       -0.1360777369
        0.0664953633        0.7533973716
        0.0369930189        0.3409304858
Tc  ------------------------------------
   43    iatm
    3    NShl
    2    Moment
    3    num
        0.6540181080        0.2308552719
        0.2958135810        0.6042409177
        0.1453142840        0.2595768929
    0    Moment
    4    num
        3.1650940500        0.0110365756
        0.4374949260       -0.5606518999
        0.1267937080        1.1794299860
        0.0726600486        0.1734974373
    1    Moment
    4    num
        0.7180413320       -0.0180145921
        0.3331895390       -0.1360777370
        0.0895740927        0.7533973717
        0.0498322881        0.3409304859
Ru  ------------------------------------
   44    iatm
    3    NShl
    2    Moment
    3    num
        0.7859882780        0.2308552718
        0.3555039290        0.6042409176
        0.1746363330        0.2595768928
    0    Moment
    4    num
        2.6333748100        0.0110365756
        0.3639980670       -0.5606519007
        0.1054930290        1.1794299870
        0.0604535405        0.1734974376
    1    Moment
    4    num
        0.7204330890       -0.0180145921
        0.3342993760       -0.1360777369
        0.0898724592        0.7533973717
        0.0499982768        0.3409304858
Rh  ------------------------------------
   45    iatm
    3    NShl
    2    Moment
    3    num
        1.0742182200        0.2308552718
        0.4858708570        0.6042409175
        0.2386772630        0.2595768928
    0    Moment
    4    num
        2.8237899100        0.0110365756
        0.3903181830       -0.5606519000
        0.1131210600        1.1794299860
        0.0648248390        0.1734974374
    1    Moment
    4    num
        0.7749997080       -0.0180145921
        0.3596196820       -0.1360777370
        0.0966795261        0.7533973718
        0.0537852168        0.3409304859
Pd  ------------------------------------
   46    iatm
    3    NShl
    2    Moment
    3    num
        0.9848306870        0.2308552718
        0.4454407130        0.6042409176
        0.2188165200        0.2595768928
    0    Moment
    4    num
        2.8756389800        0.0110365756
        0.3974850170       -0.5606518997
        0.1151981340        1.1794299850
        0.0660151214        0.1734974373
    1    Moment
    4    num
        0.7045244080       -0.0180145921
        0.3269173410       -0.1360777369
        0.0878878858        0.7533973717
        0.0488942094        0.3409304858
Ag  ------------------------------------
   47    iatm
    3    NShl
    2    Moment
    3    num
        1.4374214200        0.2308552719
        0.6501483250        0.6042409177
        0.3193762710        0.2595768929
    0    Moment
    4    num
        2.7823792200        0.0110365756
        0.3845941930       -0.5606518997
        0.1114621470        1.1794299850
        0.0638741870        0.1734974373
    1    Moment
    4    num
        0.6357977390       -0.0180145921
        0.2950264090       -0.1360777370
        0.0793143836        0.7533973718
        0.0441245576        0.3409304859
Cd  ------------------------------------
   48    iatm
    2    NShl
    0    Moment
    4    num
        2.9336028200        0.0110365756
        0.4054970650       -0.5606518995
        0.1175201660        1.1794299850
        0.0673457786        0.1734974372
    1    Moment
    4    num
        0.5166589820       -0.0180145921
        0.2397429790       -0.1360777370
        0.0644520830        0.7533973717
        0.0358562914        0.3409304859
In  ------------------------------------
   49    iatm
    3    NShl
    0    Moment
    4    num
        3.3157333800        0.0110365756
        0.4583170380       -0.5606519004
        0.1328283220        1.1794299870
        0.0761182274        0.1734974375
    1    Moment
    4    num
        1.1253234100       -0.0180145921
        0.5221788390       -0.1360777369
        0.1403816450        0.7533973715
        0.0780977890        0.3409304858
    2    Moment
    3    num
        0.5416971630       -0.0201017501
        0.0808032239        0.5899370610
        0.0396261574        0.4658445960
Sn  ------------------------------------
   50    iatm
    3    NShl
    0    Moment
    4    num
        5.6002619200        0.0110365756
        0.7740958510       -0.5606519000
        0.2243465640        1.1794299860
        0.1285634160        0.1734974374
    1    Moment
    4    num
        1.4212395900       -0.0180145921
        0.6594915110       -0.1360777370
        0.1772965440        0.7533973718
        0.0986344622        0.3409304859
    2    Moment
    3    num
        0.5945157070       -0.0201017501
        0.0886819963        0.5899370609
        0.0434899324        0.4658445959
Sb  ------------------------------------
   51    iatm
    3    NShl
    0    Moment
    4    num
        4.5799654400        0.0110365756
        0.6330654350       -0.5606518999
        0.1834734740        1.1794299860
        0.1051407970        0.1734974374
    1    Moment
    4    num
        1.8828710600       -0.0180145921
        0.8737003170       -0.1360777370
        0.2348840650        0.7533973721
        0.1306718270        0.3409304860
    2    Moment
    3    num
        0.7752064980       -0.0201017501
        0.1156350610        0.5899370612
        0.0567078007        0.4658445961
Te  ------------------------------------
   52    iatm
    3    NShl
    0    Moment
    4    num
        5.0969024600        0.0110365756
        0.7045190230       -0.5606519000
        0.2041819780        1.1794299860
        0.1170079550        0.1734974374
    1    Moment
    4    num
        1.8875505800       -0.0180145921
        0.8758717350       -0.1360777369
        0.2354678250        0.7533973717
        0.1309965880        0.3409304859
    2    Moment
    3    num
        0.9263329560       -0.0201017501
        0.1381781080        0.5899370607
        0.0677629828        0.4658445958
I   ------------------------------------
   53    iatm
    3    NShl
    0    Moment
    4    num
        4.0116238600        0.0110365756
        0.5545064560       -0.5606518998
        0.1607057030        1.1794299850
        0.0920935619        0.1734974373
    1    Moment
    4    num
        2.1116436900       -0.0180145921
        0.9798566700       -0.1360777370
        0.2634229530        0.7533973719
        0.1465487180        0.3409304860
    2    Moment
    3    num
        1.4052713700       -0.0201017501
        0.2096198120        0.5899370609
        0.1027982210        0.4658445959
Xe  ------------------------------------
   54    iatm
    3    NShl
    0    Moment
    4    num
        6.3415912400        0.0110365756
        0.8765660500       -0.5606519000
        0.2540442260        1.1794299860
        0.1455818750        0.1734974374
    1    Moment
    4    num
        2.1192083100       -0.0180145921
        0.9833668480       -0.1360777370
        0.2643666230        0.7533973719
        0.1470737050        0.3409304860
    2    Moment
    3    num
        1.6919860400       -0.0201017501
        0.2523881160        0.5899370609
        0.1237719330        0.4658445959
Cs  ------------------------------------
   55    iatm
    2    NShl
    0    Moment
    6    num
        0.8713843930        0.0045543595
        0.4083675480        0.0528644314
        0.1192613140       -0.7561016367
        0.0747413017       -0.2269803822
        0.0448236075        1.3324946510
        0.0283345966        0.3622518293
    1    Moment
    6    num
        0.4544780080        0.0027827237
        0.0946814096       -0.1282887780
        0.0554064037       -0.2266255940
        0.0311263205        0.4682259380
        0.0200976730        0.6752048850
        0.0127741862        0.1091534210
Ba  ------------------------------------
   56    iatm
    3    NShl
    0    Moment
    6    num
        1.3544238600        0.0045543595
        0.6347402550        0.0528644315
        0.1853721170       -0.7561016368
        0.1161730730       -0.2269803822
        0.0696709330        1.3324946510
        0.0440414749        0.3622518294
    1    Moment
    6    num
        0.6584136540        0.0027827237
        0.1371673250       -0.1282887780
        0.0802686424       -0.2266255941
        0.0450934788        0.4682259381
        0.0291160013        0.6752048852
        0.0185062829        0.1091534210
    2    Moment
    3    num
        1.1055044100       -0.0201017501
        0.1649045390        0.5899370612
        0.0808697090        0.4658445961
La  ------------------------------------
   57    iatm
    3    NShl
    2    Moment
    3    num
        4.0613289100       -0.0201017501
        0.6058153730        0.5899370608
        0.2970937820        0.4658445958
    0    Moment
    6    num
        1.7387603100        0.0045543595
        0.8148565550        0.0528644315
        0.2379740110       -0.7561016376
        0.1491387840       -0.2269803825
        0.0894410210        1.3324946530
        0.0565388507        0.3622518297
    1    Moment
    6    num
        1.1379740500        0.0027827237
        0.2370741500       -0.1282887780
        0.1387328950       -0.2266255940
        0.0779376438        0.4682259380
        0.0503228538        0.6752048851
        0.0319854694        0.1091534210
Ce  ------------------------------------
   58    iatm
    3    NShl
    2    Moment
    3    num
        4.0470796900       -0.0201017501
        0.6036898640        0.5899370609
        0.2960514250        0.4658445959
    0    Moment
    6    num
        1.7263438300        0.0045543595
        0.8090376680        0.0528644315
        0.2362746400       -0.7561016371
        0.1480737850       -0.2269803823
        0.0888023231        1.3324946520
        0.0561351070        0.3622518295
    1    Moment
    6    num
        1.1488489800        0.0027827237
        0.2393397240       -0.1282887781
        0.1400586810       -0.2266255941
        0.0786824467        0.4682259382
        0.0508037589        0.6752048853
        0.0322911352        0.1091534210
Pr  ------------------------------------
   59    iatm
    3    NShl
    2    Moment
    3    num
        4.0535914800       -0.0201017501
        0.6046612060        0.5899370610
        0.2965277740        0.4658445960
    0    Moment
    6    num
        1.7355020200        0.0045543595
        0.8133295830        0.0528644315
        0.2375280680       -0.7561016371
        0.1488593110       -0.2269803823
        0.0892734161        1.3324946520
        0.0564329016        0.3622518295
    1    Moment
    6    num
        1.1588540000        0.0027827237
        0.2414240690       -0.1282887780
        0.1412784140       -0.2266255940
        0.0793676707        0.4682259381
        0.0512461950        0.6752048851
        0.0325723499        0.1091534210
Nd  ------------------------------------
   60    iatm
    3    NShl
    2    Moment
    3    num
        4.0601056800       -0.0201017501
        0.6056329080        0.5899370609
        0.2970043000        0.4658445959
    0    Moment
    6    num
        1.7446844400        0.0045543595
        0.8176328520        0.0528644315
        0.2387848120       -0.7561016370
        0.1496469150       -0.2269803823
        0.0897457553        1.3324946520
        0.0567314841        0.3622518295
    1    Moment
    6    num
        1.1689023900        0.0027827237
        0.2435174500       -0.1282887781
        0.1425034350       -0.2266255941
        0.0800558656        0.4682259382
        0.0516905493        0.6752048853
        0.0328547839        0.1091534211
Pm  ------------------------------------
   61    iatm
    3    NShl
    2    Moment
    3    num
        4.0666279300       -0.0201017501
        0.6066058120        0.5899370610
        0.2974814150        0.4658445960
    0    Moment
    6    num
        1.7538910800        0.0045543595
        0.8219474750        0.0528644315
        0.2400448720       -0.7561016372
        0.1504365970       -0.2269803824
        0.0902193409        1.3324946520
        0.0570308544        0.3622518296
    1    Moment
    6    num
        1.1789941500        0.0027827237
        0.2456198680       -0.1282887780
        0.1437337450       -0.2266255940
        0.0807470312        0.4682259379
        0.0521368218        0.6752048849
        0.0331384370        0.1091534210
Sm  ------------------------------------
   62    iatm
    3    NShl
    2    Moment
    3    num
        4.0731554200       -0.0201017501
        0.6075794960        0.5899370609
        0.2979589130        0.4658445959
    0    Moment
    6    num
        1.7631239800        0.0045543595
        0.8262744000        0.0528644314
        0.2413085250       -0.7561016365
        0.1512285310       -0.2269803822
        0.0906942767        1.3324946510
        0.0573310782        0.3622518293
    1    Moment
    6    num
        1.1891275100        0.0027827237
        0.2477309510       -0.1282887780
        0.1449691250       -0.2266255940
        0.0814410454        0.4682259379
        0.0525849336        0.6752048849
        0.0334232592        0.1091534210
Eu  ------------------------------------
   63    iatm
    3    NShl
    2    Moment
    3    num
        4.0796853100       -0.0201017501
        0.6085535400        0.5899370610
        0.2984365870        0.4658445960
    0    Moment
    6    num
        1.7723790900        0.0045543595
        0.8306117330        0.0528644315
        0.2425752170       -0.7561016376
        0.1520223690       -0.2269803825
        0.0911703551        1.3324946530
        0.0576320242        0.3622518298
    1    Moment
    6    num
        1.1993060300        0.0027827237
        0.2498514410       -0.1282887780
        0.1462100090       -0.2266255940
        0.0821381520        0.4682259381
        0.0530350421        0.6752048851
        0.0337093505        0.1091534210
Gd  ------------------------------------
   64    iatm
    3    NShl
    2    Moment
    3    num
        4.0862232700       -0.0201017501
        0.6095287850        0.5899370608
        0.2989148510        0.4658445958
    0    Moment
    6    num
        1.7816584200        0.0045543595
        0.8349604210        0.0528644315
        0.2438452260       -0.7561016369
        0.1528182860       -0.2269803823
        0.0916476797        1.3324946520
        0.0579337581        0.3622518294
    1    Moment
    6    num
        1.2095279200        0.0027827237
        0.2519809670       -0.1282887780
        0.1474561820       -0.2266255940
        0.0828382295        0.4682259380
        0.0534870688        0.6752048851
        0.0339966611        0.1091534210
Tb  ------------------------------------
   65    iatm
    3    NShl
    2    Moment
    3    num
        4.0927664600       -0.0201017501
        0.6105048120        0.5899370610
        0.2993934970        0.4658445960
    0    Moment
    6    num
        1.7909619800        0.0045543595
        0.8393204630        0.0528644315
        0.2451185500       -0.7561016370
        0.1536162810       -0.2269803823
        0.0921262505        1.3324946520
        0.0582362798        0.3622518295
    1    Moment
    6    num
        1.2197931800        0.0027827237
        0.2541195300       -0.1282887780
        0.1487076430       -0.2266255941
        0.0835412778        0.4682259381
        0.0539410137        0.6752048851
        0.0342851908        0.1091534210
Dy  ------------------------------------
   66    iatm
    3    NShl
    2    Moment
    3    num
        4.0993148900       -0.0201017501
        0.6114816200        0.5899370609
        0.2998725270        0.4658445959
    0    Moment
    6    num
        1.8002897700        0.0045543595
        0.8436918590        0.0528644315
        0.2463951900       -0.7561016371
        0.1544163540       -0.2269803823
        0.0926060676        1.3324946520
        0.0585395892        0.3622518295
    1    Moment
    6    num
        1.2301018300        0.0027827237
        0.2562671300       -0.1282887780
        0.1499643920       -0.2266255941
        0.0842472969        0.4682259382
        0.0543968768        0.6752048852
        0.0345749398        0.1091534210
Ho  ------------------------------------
   67    iatm
    3    NShl
    2    Moment
    3    num
        4.1058657000       -0.0201017501
        0.6124587840        0.5899370610
        0.3003517310        0.4658445960
    0    Moment
    6    num
        1.8096417900        0.0045543595
        0.8480746090        0.0528644314
        0.2476751470       -0.7561016363
        0.1552185050       -0.2269803821
        0.0930871310        1.3324946510
        0.0588436865        0.3622518292
    1    Moment
    6    num
        1.2404538500        0.0027827237
        0.2584237660       -0.1282887780
        0.1512264300       -0.2266255940
        0.0849562867        0.4682259379
        0.0548546581        0.6752048849
        0.0348659080        0.1091534210
Er  ------------------------------------
   68    iatm
    3    NShl
    2    Moment
    3    num
        4.1124246000       -0.0201017501
        0.6134371530        0.5899370608
        0.3008315270        0.4658445958
    0    Moment
    6    num
        1.8190200800        0.0045543595
        0.8524696760        0.0528644314
        0.2489587000       -0.7561016366
        0.1560229100       -0.2269803822
        0.0935695463        1.3324946510
        0.0591486384        0.3622518293
    1    Moment
    6    num
        1.2508492400        0.0027827237
        0.2605894400       -0.1282887780
        0.1524937550       -0.2266255940
        0.0856682474        0.4682259381
        0.0553143575        0.6752048851
        0.0351580953        0.1091534210
Tm  ------------------------------------
   69    iatm
    3    NShl
    2    Moment
    3    num
        4.1189887200       -0.0201017501
        0.6144163030        0.5899370609
        0.3013117050        0.4658445959
    0    Moment
    6    num
        1.8284205600        0.0045543595
        0.8568751370        0.0528644315
        0.2502452880       -0.7561016372
        0.1568292180       -0.2269803824
        0.0940531025        1.3324946520
        0.0594543114        0.3622518296
    1    Moment
    6    num
        1.2612861800        0.0027827237
        0.2627637670       -0.1282887780
        0.1537661450       -0.2266255939
        0.0863830529        0.4682259378
        0.0557758939        0.6752048848
        0.0354514503        0.1091534210
Yb  ------------------------------------
   70    iatm
    3    NShl
    2    Moment
    3    num
        4.1255552400       -0.0201017501
        0.6153958090        0.5899370608
        0.3017920580        0.4658445959
    0    Moment
    6    num
        1.8378452700        0.0045543595
        0.8612919520        0.0528644315
        0.2515351930       -0.7561016368
        0.1576376040       -0.2269803823
        0.0945379050        1.3324946510
        0.0597607723        0.3622518294
    1    Moment
    6    num
        1.2717683200        0.0027827237
        0.2649475120       -0.1282887780
        0.1550440460       -0.2266255939
        0.0871009547        0.4682259379
        0.0562394293        0.6752048848
        0.0357460758        0.1091534210
Lu  ------------------------------------
   71    iatm
    3    NShl
    2    Moment
    3    num
        4.1321298300       -0.0201017501
        0.6163765200        0.5899370610
        0.3022730010        0.4658445960
    0    Moment
    6    num
        1.8472942000        0.0045543595
        0.8657201220        0.0528644315
        0.2528284130       -0.7561016372
        0.1584480680       -0.2269803824
        0.0950239537        1.3324946520
        0.0600680210        0.3622518296
    1    Moment
    6    num
        1.2822938400        0.0027827237
        0.2671402930       -0.1282887780
        0.1563272350       -0.2266255940
        0.0878218272        0.4682259380
        0.0567048830        0.6752048849
        0.0360419206        0.1091534210
Hf  ------------------------------------
   72    iatm
    3    NShl
    2    Moment
    3    num
        3.4211139700       -0.0201017501
        0.5103165700        0.5899370607
        0.2502608660        0.4658445958
    0    Moment
    6    num
        2.7928973700        0.0045543595
        1.3088697300        0.0528644315
        0.3822476200       -0.7561016377
        0.2395553410       -0.2269803825
        0.1436653410        1.3324946530
        0.0908159719        0.3622518298
    1    Moment
    6    num
        1.3645280700        0.0027827237
        0.2842721510       -0.1282887780
        0.1663525880       -0.2266255940
        0.0934538904        0.4682259381
        0.0603413991        0.6752048851
        0.0383533093        0.1091534210
Ta  ------------------------------------
   73    iatm
    3    NShl
    2    Moment
    3    num
        2.0027985300       -0.0201017501
        0.2987510170        0.5899370608
        0.1465084470        0.4658445959
    0    Moment
    6    num
        2.3119991400        0.0045543595
        1.0835004900        0.0528644314
        0.3164298760       -0.7561016357
        0.1983072300       -0.2269803819
        0.1189281590        1.3324946490
        0.0751787197        0.3622518289
    1    Moment
    6    num
        1.3270252300        0.0027827237
        0.2764591830       -0.1282887780
        0.1617805350       -0.2266255941
        0.0908853933        0.4682259381
        0.0586829694        0.6752048852
        0.0372992027        0.1091534210
W   ------------------------------------
   74    iatm
    3    NShl
    2    Moment
    3    num
        2.2836479000       -0.0201017501
        0.3406444140        0.5899370607
        0.1670531020        0.4658445958
    0    Moment
    6    num
        2.0763581800        0.0045543595
        0.9730691810        0.0528644314
        0.2841790680       -0.7561016366
        0.1780955850       -0.2269803822
        0.1068068980        1.3324946510
        0.0675164393        0.3622518293
    1    Moment
    6    num
        1.4238891100        0.0027827237
        0.2966388370       -0.1282887780
        0.1735894220       -0.2266255940
        0.0975194133        0.4682259380
        0.0629664299        0.6752048850
        0.0400217926        0.1091534210
Re  ------------------------------------
   75    iatm
    3    NShl
    2    Moment
    3    num
        2.5157285400       -0.0201017501
        0.3752631370        0.5899370610
        0.1840302330        0.4658445960
    0    Moment
    6    num
        2.7756550200        0.0045543595
        1.3007892300        0.0528644314
        0.3798877600       -0.7561016364
        0.2380764120       -0.2269803821
        0.1427784020        1.3324946510
        0.0902553066        0.3622518292
    1    Moment
    6    num
        1.7945086500        0.0027827237
        0.3738500110       -0.1282887779
        0.2187724570       -0.2266255939
        0.1229024290        0.4682259378
        0.0793557605        0.6752048847
        0.0504389370        0.1091534210
Os  ------------------------------------
   76    iatm
    3    NShl
    2    Moment
    3    num
        3.0945514200       -0.0201017501
        0.4616042840        0.5899370608
        0.2263722060        0.4658445959
    0    Moment
    6    num
        2.7413557100        0.0045543595
        1.2847151300        0.0528644315
        0.3751934130       -0.7561016376
        0.2351344550       -0.2269803825
        0.1410140620        1.3324946530
        0.0891400041        0.3622518298
    1    Moment
    6    num
        1.7097908500        0.0027827237
        0.3562007520       -0.1282887780
        0.2084443260       -0.2266255939
        0.1171002710        0.4682259378
        0.0756094174        0.6752048848
        0.0480577417        0.1091534210
Ir  ------------------------------------
   77    iatm
    3    NShl
    2    Moment
    3    num
        3.7323178300       -0.0201017501
        0.5567378500        0.5899370610
        0.2730260080        0.4658445960
    0    Moment
    6    num
        2.6008567700        0.0045543595
        1.2188713800        0.0528644314
        0.3559641400       -0.7561016355
        0.2230834320       -0.2269803819
        0.1337868610        1.3324946490
        0.0845714338        0.3622518288
    1    Moment
    6    num
        1.8908026500        0.0027827237
        0.3939109410       -0.1282887780
        0.2305118680       -0.2266255940
        0.1294974190        0.4682259379
        0.0836140200        0.6752048849
        0.0531455090        0.1091534210
Pt  ------------------------------------
   78    iatm
    3    NShl
    2    Moment
    3    num
        3.5937624400       -0.0201017501
        0.5360699870        0.5899370609
        0.2628904230        0.4658445959
    0    Moment
    6    num
        3.1465859900        0.0045543595
        1.4746231600        0.0528644315
        0.4306549250       -0.7561016375
        0.2698922940       -0.2269803825
        0.1618589190        1.3324946530
        0.1023167800        0.3622518297
    1    Moment
    6    num
        1.7645761500        0.0027827237
        0.3676141740       -0.1282887781
        0.2151233210       -0.2266255942
        0.1208524110        0.4682259383
        0.0780321023        0.6752048855
        0.0495976129        0.1091534211
Au  ------------------------------------
   79    iatm
    3    NShl
    2    Moment
    3    num
        5.1619398300       -0.0201017501
        0.7699899650        0.5899370610
        0.3776055220        0.4658445960
    0    Moment
    6    num
        2.7645561600        0.0045543595
        1.2955878400        0.0528644315
        0.3783687230       -0.7561016374
        0.2371244280       -0.2269803824
        0.1422074820        1.3324946530
        0.0898944074        0.3622518297
    1    Moment
    6    num
        2.9096948900        0.0027827237
        0.6061767750       -0.1282887780
        0.3547272400       -0.2266255940
        0.1992793800        0.4682259381
        0.1286709040        0.6752048851
        0.0817839007        0.1091534210
Hg  ------------------------------------
   80    iatm
    2    NShl
    0    Moment
    6    num
        2.9220704100        0.0045543595
        1.3694056700        0.0528644315
        0.3999267820       -0.7561016380
        0.2506349070       -0.2269803826
        0.1503099420        1.3324946540
        0.0950162604        0.3622518300
    1    Moment
    6    num
        1.4487248400        0.0027827237
        0.3018128660       -0.1282887780
        0.1766172010       -0.2266255940
        0.0992203649        0.4682259379
        0.0640647020        0.6752048849
        0.0407198601        0.1091534210
Tl  ------------------------------------
   81    iatm
    2    NShl
    0    Moment
    6    num
        3.0529816700        0.0045543595
        1.4307562200        0.0528644315
        0.4178438450       -0.7561016375
        0.2618635650       -0.2269803825
        0.1570439560        1.3324946530
        0.0992730702        0.3622518297
    1    Moment
    6    num
        2.0078971400        0.0027827237
        0.4183052380       -0.1282887780
        0.2447871130       -0.2266255940
        0.1375169950        0.4682259381
        0.0887921072        0.6752048851
        0.0564367284        0.1091534210
Pb  ------------------------------------
   82    iatm
    2    NShl
    0    Moment
    6    num
        5.0840174400        0.0045543595
        2.3825854000        0.0528644314
        0.6958198990       -0.7561016365
        0.4360717090       -0.2269803821
        0.2615194900        1.3324946510
        0.1653157720        0.3622518292
    1    Moment
    6    num
        2.5545394900        0.0027827237
        0.5321872470       -0.1282887780
        0.3114294720       -0.2266255940
        0.1749554730        0.4682259379
        0.1129654200        0.6752048849
        0.0718014129        0.1091534210
Bi  ------------------------------------
   83    iatm
    2    NShl
    0    Moment
    6    num
        4.5093986100        0.0045543595
        2.1132947400        0.0528644315
        0.6171751610       -0.7561016368
        0.3867848960       -0.2269803822
        0.2319613650        1.3324946510
        0.1466310290        0.3622518294
    1    Moment
    6    num
        3.4720922600        0.0027827237
        0.7233410290       -0.1282887780
        0.4232903290       -0.2266255939
        0.2377968890        0.4682259378
        0.1535409270        0.6752048848
        0.0975914176        0.1091534210
Po  ------------------------------------
   84    iatm
    2    NShl
    0    Moment
    6    num
        6.3733415000        0.0045543595
        2.9868171400        0.0528644315
        0.8722821840       -0.7561016372
        0.5466609730       -0.2269803824
        0.3278417200        1.3324946520
        0.2072404120        0.3622518296
    1    Moment
    6    num
        3.8233881900        0.0027827237
        0.7965265140       -0.1282887780
        0.4661175810       -0.2266255940
        0.2618564690        0.4682259381
        0.1690757400        0.6752048851
        0.1074654260        0.1091534210
At  ------------------------------------
   85    iatm
    3    NShl
    0    Moment
    6    num
        2.8597005600        0.0045543595
        1.3401765200        0.0528644315
        0.3913905850       -0.7561016369
        0.2452852550       -0.2269803823
        0.1471016660        1.3324946520
        0.0929881951        0.3622518295
    1    Moment
    6    num
        3.8833245000        0.0027827237
        0.8090130460       -0.1282887780
        0.4734245470       -0.2266255941
        0.2659613910        0.4682259381
        0.1717262100        0.6752048852
        0.1091500780        0.1091534210
    2    Moment
    3    num
        1.1055044100       -0.0201017501
        0.1649045390        0.5899370612
        0.0808697090        0.4658445961
Rn  ------------------------------------
   86    iatm
    3    NShl
    0    Moment
    6    num
        5.6079149900        0.0045543595
        2.6281059300        0.0528644314
        0.7675227090       -0.7561016367
        0.4810080020       -0.2269803822
        0.2884685360        1.3324946510
        0.1823512220        0.3622518293
    1    Moment
    6    num
        4.3269199400        0.0027827237
        0.9014272890       -0.1282887780
        0.5275042320       -0.2266255941
        0.2963423850        0.4682259381
        0.1913426400        0.6752048852
        0.1216183840        0.1091534210
    2    Moment
    3    num
        1.5742874200       -0.0201017501
        0.2348313920        0.5899370608
        0.1151620600        0.4658445959
end
